url,city
https://www.ubereats.com/cleveland/food-delivery/moes-southwest-grill-9710-mentor-avenue/2UMlrTEPTuSDXp46hI5hPA,eastlake-ohio
https://www.ubereats.com/cleveland/food-delivery/ichiraku-japanese-noodle-shop-ramen-%26-bubble-tea/qGyz0EGdRlKBPNqO49Pz4g,eastlake-ohio
https://www.ubereats.com/cleveland/food-delivery/georgios-oven-fresh-pizza/_AfkDga2StKGvmGeVoXQ4w,eastlake-ohio
https://www.ubereats.com/cleveland/food-delivery/outback-steakhouse-7785-plaza-bkvd/EYS9QHpBSQmk2jWfnVrRFg,eastlake-ohio
https://www.ubereats.com/cleveland/food-delivery/fionas-coffee-bar-and-bakery/KioA-VdVQYyLOsfdkvAKMQ,eastlake-ohio
https://www.ubereats.com/cleveland/food-delivery/victory-bistro-ultra-lounge/R67bTbXbR3SaFrC7krGGrg,eastlake-ohio
https://www.ubereats.com/cleveland/food-delivery/two-bucks-eastlake/hhs8NxvySvi_EI0Gw4f8ag,eastlake-ohio
https://www.ubereats.com/cleveland/food-delivery/the-cabin-of-willowick/YtX-jYHxQa6TlvNB7h6yfg,eastlake-ohio
https://www.ubereats.com/cleveland/food-delivery/jersey-mikes-subs-wilson-mills/ihHagAqJQ32swrX02uvmJQ,eastlake-ohio
https://www.ubereats.com/cleveland/food-delivery/golden-dragon-restaurant-woks-%26-roll/oQv3osWHQMOpkPS-dgBGWw,eastlake-ohio
https://www.ubereats.com/cleveland/food-delivery/indian-kitchen/VOJorbTdTamTcC0YHjEBJg,eastlake-ohio
https://www.ubereats.com/cleveland/food-delivery/mcdonalds-mentor-%26-jackson/sZVq8vtJQiW9-38YBgxWfg,eastlake-ohio
https://www.ubereats.com/cleveland/food-delivery/dairy-queen-grill-%26-chill-8787-mentor-ave/SMJPoCRmSJelkHYk9sr74Q,eastlake-ohio
https://www.ubereats.com/cleveland/food-delivery/flavor-on-the-vine/ZG3iH5MbSEOmRwP8cMRkmw,eastlake-ohio
https://www.ubereats.com/cleveland/food-delivery/panera-203387/E9ORK1RHQq2S312MDwwDuw,eastlake-ohio
https://www.ubereats.com/cleveland/food-delivery/ihop-euclid/5_QlpdxwQUeKTfBtUrniVQ,eastlake-ohio
https://www.ubereats.com/cleveland/food-delivery/panera-204643/b_eQAbntSdOhcqS-3LLZIg,eastlake-ohio
https://www.ubereats.com/cleveland/food-delivery/charleys-philly-steaks-7850-mentor-ave/as3hk4iURXqdZwCCY_FnxA,eastlake-ohio
https://www.ubereats.com/cleveland/food-delivery/mcdonalds-reynolds-%26-palisades/Zn1fC9R9S9OjZAJUysMqKQ,eastlake-ohio
https://www.ubereats.com/cleveland/food-delivery/burgerim/6MRZ3ehCTmquLK3RgwlU6g,eastlake-ohio
https://www.ubereats.com/cleveland/food-delivery/bottom-dog-fusion-grill/n1nLuK9PQhCgwh5OMZMHhA,eastlake-ohio
https://www.ubereats.com/cleveland/food-delivery/bob-evans-113-34760-maplegrove-road/T6MICfu7TuGTbar9qeie_w,eastlake-ohio
https://www.ubereats.com/cleveland/food-delivery/manhattan-deli-bar-%26-grille/6hxmuDhQRlSvy4a2LSqqwg,eastlake-ohio
https://www.ubereats.com/cleveland/food-delivery/don-tequila-east-lake/MyZMlRfdQ5qVcbQJrct7Kg,eastlake-ohio
https://www.ubereats.com/cleveland/food-delivery/subway-7652-mentor-ave/MmHISWcXS4GwM9GohmsoBg,eastlake-ohio
https://www.ubereats.com/cleveland/food-delivery/dubrovnik-garden-restaurant/SEClQCLpQ1OTtsxsjrWAtw,eastlake-ohio
https://www.ubereats.com/cleveland/food-delivery/best-gyros-mayfield-heights/xZ2IKL39SGmvFj8Q8gZY-w,eastlake-ohio
https://www.ubereats.com/cleveland/food-delivery/burger-king-263-babbitt-rd/Bp5WsqTFSq-Ulmjn3IXktw,eastlake-ohio
https://www.ubereats.com/cleveland/food-delivery/firehouse-subs-willoughby-commons-%231690/QO-PjKxzSLeLb6xBj5bX_g,eastlake-ohio
https://www.ubereats.com/cleveland/food-delivery/mcdonalds-euclid-%26-222nd-st/JCwRE-TmR62opnFwyXOP_Q,eastlake-ohio
https://www.ubereats.com/cleveland/food-delivery/cracker-barrel-old-country-store-6055-som-center-rd/nYsuZZecSX-BEGuaLZtfsg,eastlake-ohio
https://www.ubereats.com/cleveland/food-delivery/taco-bell-35020-euclid-ave/o3QwwCHHS3SNUKJoKnazRA,eastlake-ohio
https://www.ubereats.com/cleveland/food-delivery/kfc-29050-lake-shore-boulevard/3hWcDZZLSYG4-Bs4cI2ZDg,eastlake-ohio
https://www.ubereats.com/cleveland/food-delivery/the-kitchen/Q9a9NdVBTguQViwmNllISQ,eastlake-ohio
https://www.ubereats.com/cleveland/food-delivery/steak-n-shake-9530-diamond-center-drive/TKWJI5toSompv-bf_IErzw,eastlake-ohio
https://www.ubereats.com/cleveland/food-delivery/alfredos-at-the-inn-italian-restaurant/kTrJU8oZR6aBeZjoYp2Fsg,eastlake-ohio
https://www.ubereats.com/cleveland/food-delivery/pulp-juice-and-smoothie-bar-euclid/-vXR33lEQb-kxH_YsxPjhA,eastlake-ohio
https://www.ubereats.com/cleveland/food-delivery/ginger-sushi-buritto-%26-hibachi/S39P_BkwSMOBxFKijdjbwQ,eastlake-ohio
https://www.ubereats.com/cleveland/food-delivery/chipotle-mexican-grill-22250-lake-shore-blvd/p9WOrjO6TeGz27yM6bWQNg,eastlake-ohio
https://www.ubereats.com/cleveland/food-delivery/moes-southwest-grill-7585-7601-mentor-avenue/Dy4fgyQvRiqFlkuUESDX8A,eastlake-ohio
https://www.ubereats.com/cleveland/food-delivery/papa-johns-pizza-6289-reynolds-road/jKU_6v_4QHWGvdf8eETr7g,eastlake-ohio
https://www.ubereats.com/cleveland/food-delivery/pizzeria-forno/tOaQUgaFQ5CAoI_pDfhL0Q,eastlake-ohio
https://www.ubereats.com/cleveland/food-delivery/krispy-krunchy-chicken/ALy3tg1kRfaTSnnTb5MBGA,eastlake-ohio
https://www.ubereats.com/cleveland/food-delivery/mcdonalds-andrews-%26-munson/hKj6lMa1QuaWB4q5k4jabA,eastlake-ohio
https://www.ubereats.com/cleveland/food-delivery/taco-bell-9500-diamond-centre-dr/ay2QuJPyTCuuWmEVYq38ng,eastlake-ohio
https://www.ubereats.com/cleveland/food-delivery/bomba-tacos/E1C8_aTQRM-L4DftSu-d1g,eastlake-ohio
https://www.ubereats.com/cleveland/food-delivery/auntie-annes-at-great-lakes-mall-7850-mentor-ave-spc-k-105/lpYlZ8C1QRyw4xcnEq1eyA,eastlake-ohio
https://www.ubereats.com/cleveland/food-delivery/paninis-bar-and-grill/mrnPSTZiQYOcczHlYtntpA,eastlake-ohio
https://www.ubereats.com/cleveland/food-delivery/mcdonalds-broadmoor-%26-i-90/l6LV1zhaQJ2K6fCcypbxEA,eastlake-ohio
https://www.ubereats.com/cleveland/food-delivery/casa-agave-mexican-cuisine/1Cf38hKwQGmIY6BBzhIhrA,eastlake-ohio
https://www.ubereats.com/cleveland/food-delivery/andersons-sports-hub/Pa74ZpXrQKiMB0DVDYz1ZA,eastlake-ohio
https://www.ubereats.com/cleveland/food-delivery/arbys-7715-reynolds-rd/LDyhqjo6SDuHQQakQpW5aw,eastlake-ohio
https://www.ubereats.com/cleveland/food-delivery/san-francisco-stir-fry/Mg1qyp_qTPOK6QMQUdQLjg,eastlake-ohio
https://www.ubereats.com/cleveland/food-delivery/couchland-coffee-house/tOaprOoRSaW7wYUn3fM1wg,eastlake-ohio
https://www.ubereats.com/cleveland/food-delivery/the-river-tavern/pYF7LnBoTbqahbMabN2XEQ,eastlake-ohio
https://www.ubereats.com/cleveland/food-delivery/jersey-mikes-36295-euclid-avenue/FVSLlgwqQdOe6eZJ4C_aMQ,eastlake-ohio
https://www.ubereats.com/cleveland/food-delivery/mr-hero-euclid-%26-beverly-hills/PQmYmQg5RaSchE22YFHmSQ,eastlake-ohio
https://www.ubereats.com/cleveland/food-delivery/burntwood-tavern-lyndhurst/P7CHGDkpS8CdJxJDErJ45w,eastlake-ohio
https://www.ubereats.com/cleveland/food-delivery/papa-johns-pizza-34804-euclid-ave/FbxbiJtBTrmYHANMHKlW9w,eastlake-ohio
https://www.ubereats.com/cleveland/food-delivery/jets-pizza-willoughby/UgzhT4ciTbyrNuijlCbagA,eastlake-ohio
https://www.ubereats.com/cleveland/food-delivery/papa-johns-pizza-5707-mayfield-rd/pXn7vH5pQDa8PSKEvy8kxg,eastlake-ohio
https://www.ubereats.com/cleveland/food-delivery/paradise-biryani-pointe/NF_KrjObRQq8B8ED5isi2g,eastlake-ohio
https://www.ubereats.com/cleveland/food-delivery/pizza-rx/Ybv7smOtRkSusSiDmEAeQw,eastlake-ohio
https://www.ubereats.com/cleveland/food-delivery/chipotle-mexican-grill-6267-wilson-mills-rd-unit-a/RYPZ6IcqTGC0IQhPPa3l5A,eastlake-ohio
https://www.ubereats.com/cleveland/food-delivery/mr-hero-mentor-%26-dartmoor/gHAsFVbGR62FIvXd1JePWg,eastlake-ohio
https://www.ubereats.com/cleveland/food-delivery/the-wild-goose-erie-%26-spaulding/vtXR2kBWSXOFk5qd22-TfQ,eastlake-ohio
https://www.ubereats.com/cleveland/food-delivery/taco-bell-26002-euclid-ave/slO48dOIQHG5VXY-PptWmg,eastlake-ohio
https://www.ubereats.com/cleveland/food-delivery/sunny-street-cafe/fGemVLLdQB2BG_BjZqFGIA,eastlake-ohio
https://www.ubereats.com/cleveland/food-delivery/frank-%26-tonys-place/flnZJqScTlq9wlMLLY3lBQ,eastlake-ohio
https://www.ubereats.com/cleveland/food-delivery/wendys-7635-mentor-ave/fOhQ-jdaS6uVJppC7ORiQA,eastlake-ohio
https://www.ubereats.com/cleveland/food-delivery/harry-buffalo-highland/ZD19ic3eTNeuFtvI9Hzo9g,eastlake-ohio
https://www.ubereats.com/cleveland/food-delivery/sports-fanatics/dAW53DreSg-3ywBHoph_BA,eastlake-ohio
https://www.ubereats.com/cleveland/food-delivery/daves-cosmic-subs-mentor/po-Kq1fdTW-4MSahIW-LGg,eastlake-ohio
https://www.ubereats.com/cleveland/food-delivery/tjs-on-the-avenue/HBm0cY6HSBOlkmOGtBT29Q,eastlake-ohio
https://www.ubereats.com/cleveland/food-delivery/mcdonalds-bishop-%26-chardon/dT9dqtmmTROkdzASVcOSzg,eastlake-ohio
https://www.ubereats.com/cleveland/food-delivery/firehouse-subs-mentor-ave-%23803/OkGjMIXOTNain2fjisYcsA,eastlake-ohio
https://www.ubereats.com/cleveland/food-delivery/brim-kitchen-%26-brewery/ubP8ppcmSpmfe9BN7gU5BA,eastlake-ohio
https://www.ubereats.com/cleveland/food-delivery/quaker-steak-%26-lube-7834-reynolds-road/1MmH7FawSHWL-ELrUG88Dw,eastlake-ohio
https://www.ubereats.com/cleveland/food-delivery/rise-and-shine-eatery/AhZMM1AXTKumO5J62ZpJww,eastlake-ohio
https://www.ubereats.com/cleveland/food-delivery/bumpers-bar-%26-grill/I5Is8vFpRa2V_YhRugODlA,eastlake-ohio
https://www.ubereats.com/cleveland/food-delivery/dairy-queen-treat-great-lakes-mall-space-%23874-7850-me/X-NLonhIRxycUF8V7tpWqg,eastlake-ohio
https://www.ubereats.com/cleveland/food-delivery/guilio-bonazza-pizzeria/EnKbZLaDT82-452O4nsceQ,eastlake-ohio
https://www.ubereats.com/cleveland/food-delivery/dennys-7700-mentor-avenue/w4Im5ehxTIKw0IRf3AKEzg,eastlake-ohio
https://www.ubereats.com/cleveland/food-delivery/dales-deli/JYaUCo0DSOeiQA8ME7y5lQ,eastlake-ohio
https://www.ubereats.com/cleveland/food-delivery/angies-new-york-style-pizzeria/MpLs79RsR2SnPJSI_Bzgwg,eastlake-ohio
https://www.ubereats.com/cleveland/food-delivery/arbys-31219-vine-st/_JDanqjWQAGM7YD-tuw6vQ,eastlake-ohio
https://www.ubereats.com/cleveland/food-delivery/garage-bar-willoughby/Vocez8crRw-mRKZoMpNByQ,eastlake-ohio
https://www.ubereats.com/cleveland/food-delivery/yours-truly-restaurant-mayfield-village/GXDNEfArRhu1lslp6FcROA,eastlake-ohio
https://www.ubereats.com/cleveland/food-delivery/five-guys-oh-1722-9180-mentor-ave/KyxC8C6DSxGO5J4IAMYPvw,eastlake-ohio
https://www.ubereats.com/cleveland/food-delivery/verdis-italian-market/m1BwhYCwT7S6-0kQsKsp9g,eastlake-ohio
https://www.ubereats.com/cleveland/food-delivery/dairy-queen-grill-%26-chill-34600-euclid-ave/x8GHaF4nT9qUNwF8KFhPIA,eastlake-ohio
https://www.ubereats.com/cleveland/food-delivery/subway-33333-vine-st/64bcBhOeRQ6Gv3ZOTN2nBA,eastlake-ohio
https://www.ubereats.com/cleveland/food-delivery/slymans-mentor/2QQaPs_FSU6zESjeX09dJg,eastlake-ohio
https://www.ubereats.com/cleveland/food-delivery/red-lobster-7744-reynolds-rd/PhtOTw7PTvuxf2F5ycewwQ,eastlake-ohio
https://www.ubereats.com/cleveland/food-delivery/peties-family-restaurant/j6UmAXVPSGmrUKEoeWA9_g,eastlake-ohio
https://www.ubereats.com/cleveland/food-delivery/boston-market-9361-mentor-avenue/_p6c6loVTM6rxKzyx3BK8Q,eastlake-ohio
https://www.ubereats.com/cleveland/food-delivery/qdoba-mexican-eats-highland-heights/E34R3MDJSja34dVir7Idhg,eastlake-ohio
https://www.ubereats.com/cleveland/food-delivery/yes-its-fresh/AgqtZOWpSjek8x5Bjd-9aA,eastlake-ohio
https://www.ubereats.com/cleveland/food-delivery/mean-mugs-pub/xCPLobsBRKKescaARFBRkw,eastlake-ohio
https://www.ubereats.com/cleveland/food-delivery/daves-cosmic-subs-willoughby/axdPN0HnSF2O7aTjQ484NQ,eastlake-ohio
https://www.ubereats.com/cleveland/food-delivery/zoup!-eatery-7327-mentor-ave/R8mXFzDpRVOaY6ltyxc4Lg,eastlake-ohio
https://www.ubereats.com/cleveland/food-delivery/wendys-250-e-222nd-street/Ti76xKi0Sz-jfRwWC3GqQA,eastlake-ohio
https://www.ubereats.com/cleveland/food-delivery/panda-express-9184-mentor-ave/U5Y2TS5SSg22fL7ntVVJsA,eastlake-ohio
https://www.ubereats.com/cleveland/food-delivery/burg-n-go/vuWeOo2TSn2EYdluvehyRw,eastlake-ohio
https://www.ubereats.com/cleveland/food-delivery/chick-fil-a-35441-euclid-ave/SByCl-hcS0mKBAgVNDtXNA,eastlake-ohio
https://www.ubereats.com/cleveland/food-delivery/black-box-fix/m8kwDTCxSfCgcriwIFOwOw,eastlake-ohio
https://www.ubereats.com/cleveland/food-delivery/kfc-200-richmond-street/f8znzcdPTdeStIfBuUr5sg,eastlake-ohio
https://www.ubereats.com/cleveland/food-delivery/chipotle-mexican-grill-9188-mentor-ave/VSLQAUoORi6WcnTIxjFvaQ,eastlake-ohio
https://www.ubereats.com/cleveland/food-delivery/harry-buffalo-painesville/s8DMljNgSZOFYyTEvmNM2g,eastlake-ohio
https://www.ubereats.com/cleveland/food-delivery/kuhars-carryout/B2B11ZXSTG2Ju1aRC114sw,eastlake-ohio
https://www.ubereats.com/cleveland/food-delivery/starbucks-mentor-reynolds-%26-tyler/fAYUGnrrTrG8b-9ULW1PuA,eastlake-ohio
https://www.ubereats.com/cleveland/food-delivery/its-diner/aIkFWlevQ8CIKNiHyx09cw,eastlake-ohio
https://www.ubereats.com/cleveland/food-delivery/happy-moose/VtaVW6XtS5asBEsePnsdZQ,eastlake-ohio
https://www.ubereats.com/cleveland/food-delivery/taco-bell-100-richmond-st/r2BEwg8gQ7ys0F6qrMKyZg,eastlake-ohio
https://www.ubereats.com/cleveland/food-delivery/republix/ER_3NFTUSy2bHaH60SRrVA,eastlake-ohio
https://www.ubereats.com/cleveland/food-delivery/tgi-fridays-1546-cleveland-mentor-oh/HS7NUfHbSb2NVyP9bCAS_Q,eastlake-ohio
https://www.ubereats.com/cleveland/food-delivery/subway-30348-lakeshore-blvd/6a7SbSVJQWS2xmJzh0s54Q,eastlake-ohio
https://www.ubereats.com/cleveland/food-delivery/sofull-bowl/U7PJom9tTXCW3RiwHWSkRw,eastlake-ohio
https://www.ubereats.com/cleveland/food-delivery/craggy-boglands/shv94S_pTcSNZfweR7BhBg,eastlake-ohio
https://www.ubereats.com/cleveland/food-delivery/corbos-pasta-and-pizza-house/YiTuhTCCQtmXKR9UpXVtoA,eastlake-ohio
https://www.ubereats.com/cleveland/food-delivery/burger-king-31305-vine-street/0JDNYXGRQiS5pvwcInDnVA,eastlake-ohio
https://www.ubereats.com/cleveland/food-delivery/guys-pizza-co-euclid/wqqWao5gS0G0gbOCqcFlUg,eastlake-ohio
https://www.ubereats.com/cleveland/food-delivery/lnsp-bar-%26-grill/d9xeoI7-RA6WDqQq9G7kTQ,eastlake-ohio
https://www.ubereats.com/cleveland/food-delivery/ruby-tuesday-9515-diamond-centre-drive/VBhQGCL6SLWvGB7zt2bEkw,eastlake-ohio
https://www.ubereats.com/cleveland/food-delivery/skye-bistro/3NONrkc1R5CcQeoglLRTYQ,eastlake-ohio
https://www.ubereats.com/cleveland/food-delivery/dennys-6207-wilson-mills-rd/9hvJMC5YSwenFLDE69RBWw,eastlake-ohio
https://www.ubereats.com/cleveland/food-delivery/dickeys-barbecue-restaurants-inc-9434-mentor-avenue/ZlZ5J9H_SU62GXSzKQeyzw,eastlake-ohio
https://www.ubereats.com/cleveland/food-delivery/the-burger-experience-7725-reynolds-road/WMELiZIBQpKHlrxzeFbsvw,eastlake-ohio
https://www.ubereats.com/cleveland/food-delivery/mr-hero-robinhood-%26-euclid/ZlGfVsD2QkS_qpTav29sIQ,eastlake-ohio
https://www.ubereats.com/cleveland/food-delivery/hooley-house-sports-pub-%26-grille-reynolds/sqYVBmyoQHKYcbcZzSTqTA,eastlake-ohio
https://www.ubereats.com/cleveland/food-delivery/red-robin-604-36565-euclid-ave/mSvd7U1OSLiHZGRn4djwBw,eastlake-ohio
https://www.ubereats.com/cleveland/food-delivery/noras-public-house/aNByVqSwTWqwJpsIvKNAWA,eastlake-ohio
https://www.ubereats.com/cleveland/food-delivery/arbys-34635-euclid-ave/QTJq-ggxTwqcpGazrzQw1A,eastlake-ohio
https://www.ubereats.com/cleveland/food-delivery/paragon/ildSnPKwTCqCfBADb5Uzag,eastlake-ohio
https://www.ubereats.com/cleveland/food-delivery/mcdonalds-euclid-%26-robinhood/nSIXd4nCQ9-XeOR9xVStmg,eastlake-ohio
https://www.ubereats.com/cleveland/food-delivery/honeybaked-ham-35101-euclid-ave/516CkS-4Sc6VBWWRozwAfA,eastlake-ohio
https://www.ubereats.com/cleveland/food-delivery/chagrin-river-diner/iETlE5YsTYm8PIB1RkmVdQ,eastlake-ohio
https://www.ubereats.com/cleveland/food-delivery/willoughby-brewing-company/MLCDx3Q5QvmNroj6sn9N0Q,eastlake-ohio
https://www.ubereats.com/cleveland/food-delivery/hibachi-steakhouse-mentor-ave/VCpxcuTbSva7DYENQwYYYg,eastlake-ohio
https://www.ubereats.com/cleveland/food-delivery/master-pizza-eastlake/kfSJiJN4RJq7Qk4Zzk9Pog,eastlake-ohio
https://www.ubereats.com/cleveland/food-delivery/bob-evans-15-7680-reynolds-road/n08YRrtLSdiDq6KGtmlsmQ,eastlake-ohio
https://www.ubereats.com/cleveland/food-delivery/chipotle-mexican-grill-7-w-jackson-st/feu10zIKSjei_N8RdqrBOA,eastlake-ohio
https://www.ubereats.com/cleveland/food-delivery/js-pizza-market/6Q3DVpa6Q1mVpP1YjhgwzA,eastlake-ohio
https://www.ubereats.com/cleveland/food-delivery/burger-king-4150-state-route-306/v36jHwWMQXy7SBO_M_PVig,eastlake-ohio
https://www.ubereats.com/cleveland/food-delivery/wendys-1374-som-center/6uw1waw6TP-xJL0gRjV9Sg,eastlake-ohio
https://www.ubereats.com/cleveland/food-delivery/first-watch-mayfield-heights/ZSTkF0ABRbSqyBgEfSsnLA,eastlake-ohio
https://www.ubereats.com/cleveland/food-delivery/chuck-e-cheese-8000-plaza-blvd-unit-j/WOOyp-3AQoG_BJ_LG7JNxQ,eastlake-ohio
https://www.ubereats.com/cleveland/food-delivery/wendys-6866-center-street/oUPwd6KASteEBmyH_ncH6A,eastlake-ohio
https://www.ubereats.com/cleveland/food-delivery/rotasu-hibachi-carry-out-lake-shore-blvd/NHQT3qwaT1KQbaevgnLjBg,eastlake-ohio
https://www.ubereats.com/cleveland/food-delivery/primozz-restaurant-and-pizzeria/tDktrbkjSreGdu32IQo8XA,eastlake-ohio
https://www.ubereats.com/cleveland/food-delivery/paninis-bar-and-grill/GZjPq5NwQ1S9q_EpvtIbqw,eastlake-ohio
https://www.ubereats.com/cleveland/food-delivery/subcity-lakeshore-blvd/V50F93jBQMWSGVdynj1XOA,eastlake-ohio
https://www.ubereats.com/cleveland/food-delivery/hardees-36900-vine-street/VeCw2SOhQKWlSkSLpG3JiA,eastlake-ohio
https://www.ubereats.com/cleveland/food-delivery/mr-hero-lake-shore-%26-228th-st/-C_EOjZWQVG4_oR8Hc_KxQ,eastlake-ohio
https://www.ubereats.com/cleveland/food-delivery/taco-bell-7753-mentor-avenue/d7wzXvd6SrG1-Rdy-MT88g,eastlake-ohio
https://www.ubereats.com/cleveland/food-delivery/five-guys-oh-0396-1237-som-center-rd/QXQqhDBISvOs7SCWRKmViQ,eastlake-ohio
https://www.ubereats.com/cleveland/food-delivery/yours-truly-restaurant-mentor/e4eNbhkQQ0uO28AHj6oN9w,eastlake-ohio
https://www.ubereats.com/cleveland/food-delivery/mcdonalds-vine-%26-lakeshore/q6j_1bimQ8e5cvEtO1SUnw,eastlake-ohio
https://www.ubereats.com/cleveland/food-delivery/kfc-34400-euclid-avenue/1tO4GKbeRpGF91fyhOCDxg,eastlake-ohio
https://www.ubereats.com/cleveland/food-delivery/arbys-7719-lakeshore-blvd/uTWLFeD6TiCha7agVm4YYg,eastlake-ohio
https://www.ubereats.com/cleveland/food-delivery/bakers-square-7800-plaza-blvd/A4wpbOj2RDeFawbd7e-I_A,eastlake-ohio
https://www.ubereats.com/cleveland/food-delivery/burger-king-5021-s-o-m-center-road/tTRTAkWORjmYWSMx74-ziQ,eastlake-ohio
https://www.ubereats.com/cleveland/food-delivery/mamas-boy-bar-b-q/BwFK-9UCQr-wgCMo3S1FDQ,eastlake-ohio
https://www.ubereats.com/cleveland/food-delivery/ballantine/PZbD-EGnSBaYooRufHEDhg,eastlake-ohio
https://www.ubereats.com/cleveland/food-delivery/manhattan-deli/G7GDVZa7RBq3BQH-fgG_Ww,eastlake-ohio
https://www.ubereats.com/cleveland/food-delivery/pierogi-palace/dv9lbKRwTFm5Dn349WqxiA,eastlake-ohio
https://www.ubereats.com/cleveland/food-delivery/the-rustic-grill-at-stonewater/KyBNym12Rqmp_CTbiKjA2g,eastlake-ohio
https://www.ubereats.com/cleveland/food-delivery/charleys-philly-steaks-%26-wings-som-center/EzDg-NdJQj6YFNT_3cGoiA,eastlake-ohio
https://www.ubereats.com/cleveland/food-delivery/krack-of-dawn-restaurant-chardon-rd/KK6OIGuHS-qFWpypksN_Ug,eastlake-ohio
https://www.ubereats.com/cleveland/food-delivery/taco-vago/cn_97q5rSqurPSN05u0rdg,eastlake-ohio
https://www.ubereats.com/cleveland/food-delivery/otani-japanese-restaurant/gDENbH6QRFCBsh_8KwBlHA,eastlake-ohio
https://www.ubereats.com/cleveland/food-delivery/sweet-peppers-bar-%26-grill/ZI9oD70IQ2KpMohnDJvT6A,eastlake-ohio
https://www.ubereats.com/cleveland/food-delivery/master-ds-grille/RBHqCfFiTqujUHoWXT6JbA,eastlake-ohio
https://www.ubereats.com/cleveland/food-delivery/hibachi-steakhouse/wv5V61yoTwaKrvbDCBkQWg,eastlake-ohio
https://www.ubereats.com/cleveland/food-delivery/fresh-catch-seafood/_hZNdpRPRwW_RSF5qiVfLw,eastlake-ohio
https://www.ubereats.com/cleveland/food-delivery/5-points-grille/QQVwlinQQ2KAsHH17CUqWQ,eastlake-ohio
https://www.ubereats.com/cleveland/food-delivery/kfc-7843-munson-road/FlWNw9TSS3iNGIVnN7DvZQ,eastlake-ohio
https://www.ubereats.com/cleveland/food-delivery/dunkin-255-richmond-st/8QZRs3jUR4WbRvKfBNGh5w,eastlake-ohio
https://www.ubereats.com/cleveland/food-delivery/severinos-restaurant-%26-lounge/7yJCuiXaS2KepeozyPev2A,eastlake-ohio
https://www.ubereats.com/cleveland/food-delivery/mr-hero/WMskHZ83RGy5rHE5vXS6sA,eastlake-ohio
https://www.ubereats.com/cleveland/food-delivery/mels-cafe-of-tremont/Hdub6KxbSui5rmktk-cX8g,eastlake-ohio
https://www.ubereats.com/cleveland/food-delivery/zanzibar/x44rSE0cQZi2DjnRUSQu8Q,eastlake-ohio
https://www.ubereats.com/cleveland/food-delivery/perkins-700-mentor-avenue/tp1_6MEGTq6xScRwiSu0NA,eastlake-ohio
https://www.ubereats.com/cleveland/food-delivery/billys-a-cappelli-martini-bar/dvkdTSBGQ-Od69n_X7Prgg,eastlake-ohio
https://www.ubereats.com/cleveland/food-delivery/melt-bar-%26-grilled-mentor-ave/gLTWkJfcTPm_y3sD8di7yA,eastlake-ohio
https://www.ubereats.com/cleveland/food-delivery/rascal-house-pizza-euclid/45TVb9L_SRedYPY_dVnpvw,eastlake-ohio
https://www.ubereats.com/cleveland/food-delivery/thai-999-express/ZPHbdIASQJWNxZhGvyWrXA,eastlake-ohio
https://www.ubereats.com/cleveland/food-delivery/kfc-26021-euclid-avenue/E6a-_CgXREqJnQRyUofCQA,eastlake-ohio
https://www.ubereats.com/cleveland/food-delivery/chipotle-mexican-grill-7851-reynolds-rd/sbexkAO8QISVpDS6L5NWqA,eastlake-ohio
https://www.ubereats.com/cleveland/food-delivery/wendys-5985-andrews-rd/DrKocbMdQRKWXV49f_vVCQ,eastlake-ohio
https://www.ubereats.com/cleveland/food-delivery/cafe-europa-and-bistro/TQJSRUjVT4GyHm3F3uR_vw,eastlake-ohio
https://www.ubereats.com/cleveland/food-delivery/papa-johns-pizza-65-w-walnut-ave/QSbjCxB7TEmskoorGaf2Bw,eastlake-ohio
https://www.ubereats.com/cleveland/food-delivery/chipotle-mexican-grill-6717-eastgate-dr/uG8RfajTTHSYVc3fWpRxwA,eastlake-ohio
https://www.ubereats.com/cleveland/food-delivery/wendys-5855-som-center/qTIEN5WCTxykEya_s6oAHA,eastlake-ohio
https://www.ubereats.com/cleveland/food-delivery/smokey-bones-mentor/qWoGsHGVTP-ksqR4eXEJkQ,eastlake-ohio
https://www.ubereats.com/cleveland/food-delivery/players-club/njtf6E5lQtyrGgnAOIN4Rw,eastlake-ohio
https://www.ubereats.com/cleveland/food-delivery/taco-bell-8351-tyler-blvd/QYR3Hdw8SY6w0qJPOqmoww,eastlake-ohio
https://www.ubereats.com/cleveland/food-delivery/dairy-queen-treat-7695-lake-shore-blvd/mudgId7FRZC1ETCy-MuJGw,eastlake-ohio
https://www.ubereats.com/cleveland/food-delivery/pulp-juice-and-smoothie-bar/0h-pzmX1SF6rjjkM9RZ4vQ,eastlake-ohio
https://www.ubereats.com/cleveland/food-delivery/mrhero/Y6URFsZpQeSt9xIb1ZUcMA,eastlake-ohio
https://www.ubereats.com/cleveland/food-delivery/subway-5900-som-center-rd/FAofSP_QQaO3PBNGVtTbfQ,eastlake-ohio
https://www.ubereats.com/cleveland/food-delivery/bogside-bar-and-grill/hVd_EHToQMmHQbSGbiwVqw,eastlake-ohio
https://www.ubereats.com/cleveland/food-delivery/peking-chinese-restaurant/5Qwu9jA8TlOzhEwmNWWQ7g,eastlake-ohio
https://www.ubereats.com/cleveland/food-delivery/dunkin-2801-bishop-rd/v5ZnimRcSfyYXiHiKyqElg,eastlake-ohio
https://www.ubereats.com/cleveland/food-delivery/imperial-dragon/LmAGQtMGRcqybMwH17oSvA,eastlake-ohio
https://www.ubereats.com/cleveland/food-delivery/sidewalk-cafe-euclid/HL--GN0NSuO4mp2xeFDosQ,eastlake-ohio
https://www.ubereats.com/cleveland/food-delivery/fuji-buffet-%26-grill/selEsvQOSGKllCpC01X8pA,eastlake-ohio
https://www.ubereats.com/cleveland/food-delivery/pasquallys-pizza-%26-wings-8000-plaza-blvd-unit-j/ScLHEJWAQq6-wUfgWjlYvA,eastlake-ohio
https://www.ubereats.com/cleveland/food-delivery/wendys-32601-vine-st/KOkY3mdBSJOKp0AKQ0pB0A,eastlake-ohio
https://www.ubereats.com/cleveland/food-delivery/green-lake/8BJ7sw2gTRyt4bJ6E53npg,eastlake-ohio
https://www.ubereats.com/cleveland/food-delivery/china-sea/ISiDfFwITbi_OyVfGGoyEQ,eastlake-ohio
https://www.ubereats.com/cleveland/food-delivery/mama-primozz-pizzeria/ofpBMtTFRGaM4_3C1ftPOw,eastlake-ohio
https://www.ubereats.com/cleveland/food-delivery/bjs-restaurant-%26-brewhouse-7880-mentor-ave/uJbiZHpTTN6RSbrIBpJUYg,eastlake-ohio
https://www.ubereats.com/cleveland/food-delivery/panda-chinese-restaurant/GMCaTPilQLGXww6R-W-GkA,eastlake-ohio
https://www.ubereats.com/cleveland/food-delivery/the-kitchen/yH8AIGcKSTq86OcFgdLD5w,eastlake-ohio
https://www.ubereats.com/cleveland/food-delivery/stadium-grill/ywoXf-GQT06ut27gsbavVA,eastlake-ohio
https://www.ubereats.com/cleveland/food-delivery/subway-35535-euclid-ave/oWQKeFZrRsi32Pgas6IiwQ,eastlake-ohio
https://www.ubereats.com/cleveland/food-delivery/la-mexicana-cantina-and-grill/Btnahkk2RM-HnSktosklyA,eastlake-ohio
https://www.ubereats.com/cleveland/food-delivery/corduroys/WPGGYQkxSU2YJSLWLIju3Q,eastlake-ohio
https://www.ubereats.com/cleveland/food-delivery/mcdonalds-lakeshore-%26-forest/yTswxh2xSPitG9l3tQpZ1g,eastlake-ohio
https://www.ubereats.com/cleveland/food-delivery/sonic-5836-mayfield-road/TTjUG9PtQUGM009MlJ67Lg,eastlake-ohio
https://www.ubereats.com/cleveland/food-delivery/cocos-locos-euclid-ave/skT8GilFQguMpYOkqgPNMw,eastlake-ohio
https://www.ubereats.com/cleveland/food-delivery/mr-hero-richmond-st/SzUfuW0XQr-IOQZrgxb3Rw,eastlake-ohio
https://www.ubereats.com/cleveland/food-delivery/arbys-7690-mentor-ave/n1K5EWaiQQ2ON0ypbSmLWQ,eastlake-ohio
https://www.ubereats.com/cleveland/food-delivery/urban-soul-grille/f6OFah3ZR5GfPMmlAIraIQ,eastlake-ohio
https://www.ubereats.com/cleveland/food-delivery/chipotle-mexican-grill-36200-euclid-ave-ste-12/8se8eAjyTu65oP6ihgYRkg,eastlake-ohio
https://www.ubereats.com/cleveland/food-delivery/mama-robertos/T5bPv786RoS0dXB9ZPY96Q,eastlake-ohio
https://www.ubereats.com/cleveland/food-delivery/subway-37812-vine-st/YXIQAOfRTrWHE0HvzAvDhg,eastlake-ohio
https://www.ubereats.com/cleveland/food-delivery/best-pizza-%26-sandwiches/BPQl4o1jTum7pBkTtCPRXg,eastlake-ohio
https://www.ubereats.com/cleveland/food-delivery/taco-bell-9486-mentor-avenue/cpMRtM6WTESuuMgPzU6PkQ,eastlake-ohio
https://www.ubereats.com/cleveland/food-delivery/jalapeno-loco/7BNxDuM6RTuQkBl6-gPIuw,eastlake-ohio
https://www.ubereats.com/cleveland/food-delivery/first-wok/oE0t7ubNR2e_N2nN1eIndg,eastlake-ohio
https://www.ubereats.com/cleveland/food-delivery/taco-bell-5855-mayfield-road/hZwgIXBTQ4m02EzKXyzQYQ,eastlake-ohio
https://www.ubereats.com/cleveland/food-delivery/buffalo-wild-wings-36455-euclid-ave/6KOszs6VRS65_AUcTXtj2A,eastlake-ohio
https://www.ubereats.com/cleveland/food-delivery/smoke-bbq-grill/2jQBPNbwSXyWaRYa3IfJhg,eastlake-ohio
https://www.ubereats.com/cleveland/food-delivery/sidewalk-cafe-painesville/V-55RJ7CQySu2TgqvjCk3Q,eastlake-ohio
https://www.ubereats.com/cleveland/food-delivery/starbucks-willoughby-som-center/aV3jA2ISTNGafFMgMoz0Dg,eastlake-ohio
https://www.ubereats.com/cleveland/food-delivery/dennys-34725-euclid-avenue/C8OA492rRkiCj2mJPZCTGg,eastlake-ohio
