name,url,city,cuisine,avgRating,numReviews,priceRange,latitude,longitude,telephone,postalCode,streetAddress,addressLocality,addressRegion,openingHoursSpecification,addressString,geoString,ratingString
Jess Good Ole Food,https://www.ubereats.com/atlanta/food-delivery/jess-good-ole-food/V9vZJwLpQhaYFJDvstkApQ,douglasville-georgia,"['Southern', 'Breakfast and Brunch', 'Chicken']",4.5,15,,33.64027,-84.58595199999999,+14049830697,,,,,"[{'@type': 'OpeningHoursSpecification', 'dayOfWeek': 'Sunday', 'opens': '12:0', 'closes': '18:0'}, {'@type': 'OpeningHoursSpecification', 'dayOfWeek': ['Monday', 'Tuesday', 'Wednesday', 'Thursday', 'Friday', 'Saturday'], 'opens': '12:0', 'closes': '20:0'}]",,"{'@type': 'GeoCoordinates', 'latitude': 33.64027, 'longitude': -84.58595199999999}","{'@type': 'AggregateRating', 'ratingValue': 4.5, 'reviewCount': '15'}"
Stevi B's Pizza Buffet,https://www.ubereats.com/atlanta/food-delivery/stevi-bs-pizza-buffet/EG60uc5ESOGFAO9k0n_W0g,douglasville-georgia,"['Pizza', 'Italian', 'Pasta']",4.8,20,$,33.7330572,-84.7588937,+16782295400,30134,7003 Concourse Pkwy,Douglasville,Georgia,"[{'@type': 'OpeningHoursSpecification', 'dayOfWeek': ['Monday', 'Tuesday', 'Wednesday', 'Thursday', 'Friday', 'Saturday', 'Sunday'], 'opens': '11:30', 'closes': '18:30'}]","{'@type': 'PostalAddress', 'addressLocality': 'Douglasville', 'addressRegion': 'Georgia', 'postalCode': '30134', 'addressCountry': 'US', 'streetAddress': '7003 Concourse Pkwy'}","{'@type': 'GeoCoordinates', 'latitude': 33.7330572, 'longitude': -84.7588937}","{'@type': 'AggregateRating', 'ratingValue': 4.8, 'reviewCount': '20'}"
South Cobb Diner,https://www.ubereats.com/atlanta/food-delivery/south-cobb-diner/rCIvr8I0RXKu2q6l2QIcSg,douglasville-georgia,"['Salads', 'Sandwich', 'American']",4.5,24,$$,33.812312,-84.634634,+16789035755,30168,5850 Love St,Austell,GA,"[{'@type': 'OpeningHoursSpecification', 'dayOfWeek': 'Sunday', 'opens': '11:0', 'closes': '15:45'}, {'@type': 'OpeningHoursSpecification', 'dayOfWeek': 'Sunday', 'opens': '11:0', 'closes': '15:0'}, {'@type': 'OpeningHoursSpecification', 'dayOfWeek': ['Monday', 'Tuesday'], 'opens': '11:0', 'closes': '19:45'}, {'@type': 'OpeningHoursSpecification', 'dayOfWeek': 'Wednesday', 'opens': '11:0', 'closes': '15:45'}, {'@type': 'OpeningHoursSpecification', 'dayOfWeek': ['Thursday', 'Friday'], 'opens': '11:0', 'closes': '19:45'}, {'@type': 'OpeningHoursSpecification', 'dayOfWeek': 'Saturday', 'opens': '11:0', 'closes': '19:45'}, {'@type': 'OpeningHoursSpecification', 'dayOfWeek': 'Saturday', 'opens': '11:0', 'closes': '15:0'}]","{'@type': 'PostalAddress', 'addressLocality': 'Austell', 'addressRegion': 'GA', 'postalCode': '30168', 'addressCountry': 'US', 'streetAddress': '5850 Love St'}","{'@type': 'GeoCoordinates', 'latitude': 33.812312, 'longitude': -84.634634}","{'@type': 'AggregateRating', 'ratingValue': 4.5, 'reviewCount': '24'}"
Shane's  Rib Shack (2750 Chapel Hill Rd.),https://www.ubereats.com/atlanta/food-delivery/shanes-rib-shack-2750-chapel-hill-rd/EigdJDNQSDSbxvytThxWWA,douglasville-georgia,"['Burgers', 'American', 'Sandwiches', 'whatever', 'BBQ', 'Chicken', 'Salads']",4.2,139,$,33.7308542,-84.7357189,+17709474105,30135,2750 Chapel Hill Rd,Douglasville,GA,"[{'@type': 'OpeningHoursSpecification', 'dayOfWeek': ['Sunday', 'Monday', 'Tuesday', 'Wednesday', 'Thursday'], 'opens': '11:0', 'closes': '20:45'}, {'@type': 'OpeningHoursSpecification', 'dayOfWeek': ['Friday', 'Saturday'], 'opens': '11:0', 'closes': '21:45'}]","{'@type': 'PostalAddress', 'addressLocality': 'Douglasville', 'addressRegion': 'GA', 'postalCode': '30135', 'addressCountry': 'US', 'streetAddress': '2750 Chapel Hill Rd'}","{'@type': 'GeoCoordinates', 'latitude': 33.7308542, 'longitude': -84.7357189}","{'@type': 'AggregateRating', 'ratingValue': 4.2, 'reviewCount': '139'}"
The Cenacle Coffee & Bistro,https://www.ubereats.com/atlanta/food-delivery/the-cenacle-coffee-%26-bistro/7xJebEGHRWG18HJUb6s8MQ,douglasville-georgia,"['Coffee and Tea', 'Salads', 'Sandwich']",4.5,160,$,33.811123,-84.636749,+17709662711,30168,2844 Veterans Memorial Hwy SW,Austell,GA,"[{'@type': 'OpeningHoursSpecification', 'dayOfWeek': 'Sunday', 'opens': '9:0', 'closes': '11:30'}, {'@type': 'OpeningHoursSpecification', 'dayOfWeek': 'Sunday', 'opens': '12:0', 'closes': '15:0'}, {'@type': 'OpeningHoursSpecification', 'dayOfWeek': ['Tuesday', 'Wednesday', 'Thursday', 'Friday', 'Saturday'], 'opens': '7:0', 'closes': '15:0'}]","{'@type': 'PostalAddress', 'addressLocality': 'Austell', 'addressRegion': 'GA', 'postalCode': '30168', 'addressCountry': 'US', 'streetAddress': '2844 Veterans Memorial Hwy SW'}","{'@type': 'GeoCoordinates', 'latitude': 33.811123, 'longitude': -84.636749}","{'@type': 'AggregateRating', 'ratingValue': 4.5, 'reviewCount': '160'}"
KFC (664 Thornton Road),https://www.ubereats.com/atlanta/food-delivery/kfc-664-thornton-road/d_P9_6GkR960KYJNufxlIg,douglasville-georgia,"['American', 'Fast Food', 'wings']",3.4,75,$,33.787377,-84.6166168,+17708197523,30122,664 Thornton Road,Lithia Springs,GA,"[{'@type': 'OpeningHoursSpecification', 'dayOfWeek': ['Monday', 'Tuesday', 'Wednesday', 'Thursday', 'Friday', 'Saturday', 'Sunday'], 'opens': '11:0', 'closes': '22:0'}]","{'@type': 'PostalAddress', 'addressLocality': 'Lithia Springs', 'addressRegion': 'GA', 'postalCode': '30122', 'addressCountry': 'US', 'streetAddress': '664 Thornton Road'}","{'@type': 'GeoCoordinates', 'latitude': 33.787377, 'longitude': -84.6166168}","{'@type': 'AggregateRating', 'ratingValue': 3.4, 'reviewCount': '75'}"
Monterrey Mexican Restaurant (Douglasville),https://www.ubereats.com/atlanta/food-delivery/monterrey-mexican-restaurant-douglasville/-CkVZ9raR5WxyyVI_n0TMg,douglasville-georgia,"['Mexican', 'Latin American', 'South American', 'Desserts']",4.5,439,$,33.751695,-84.723189,+17709490607,30134,5771 Fairburn Rd,Douglasville,Georgia,"[{'@type': 'OpeningHoursSpecification', 'dayOfWeek': 'Sunday', 'opens': '11:0', 'closes': '21:0'}, {'@type': 'OpeningHoursSpecification', 'dayOfWeek': ['Monday', 'Tuesday', 'Wednesday', 'Thursday', 'Friday'], 'opens': '11:0', 'closes': '14:0'}, {'@type': 'OpeningHoursSpecification', 'dayOfWeek': ['Monday', 'Tuesday', 'Wednesday', 'Thursday', 'Friday'], 'opens': '11:0', 'closes': '21:0'}, {'@type': 'OpeningHoursSpecification', 'dayOfWeek': 'Saturday', 'opens': '11:0', 'closes': '21:0'}]","{'@type': 'PostalAddress', 'addressLocality': 'Douglasville', 'addressRegion': 'Georgia', 'postalCode': '30134', 'addressCountry': 'US', 'streetAddress': '5771 Fairburn Rd'}","{'@type': 'GeoCoordinates', 'latitude': 33.751695, 'longitude': -84.723189}","{'@type': 'AggregateRating', 'ratingValue': 4.5, 'reviewCount': '439'}"
gyro city,https://www.ubereats.com/atlanta/food-delivery/gyro-city/rpmJMJhnRp2h2x7j-3Zl0Q,douglasville-georgia,"['Mediterranean', 'Desserts']",4.0,20,$$,33.89244770000001,-84.7557992,+17704854526,30141,4109 Jimmy Lee Smith Pkwy,Hiram,GA,"[{'@type': 'OpeningHoursSpecification', 'dayOfWeek': 'Sunday', 'opens': '12:30', 'closes': '21:30'}, {'@type': 'OpeningHoursSpecification', 'dayOfWeek': ['Monday', 'Tuesday', 'Wednesday', 'Thursday'], 'opens': '12:30', 'closes': '20:30'}, {'@type': 'OpeningHoursSpecification', 'dayOfWeek': ['Friday', 'Saturday'], 'opens': '12:30', 'closes': '21:30'}]","{'@type': 'PostalAddress', 'addressLocality': 'Hiram', 'addressRegion': 'GA', 'postalCode': '30141', 'addressCountry': 'US', 'streetAddress': '4109 Jimmy Lee Smith Pkwy'}","{'@type': 'GeoCoordinates', 'latitude': 33.89244770000001, 'longitude': -84.7557992}","{'@type': 'AggregateRating', 'ratingValue': 4, 'reviewCount': '20'}"
McDonald's® (2726 CHAPEL HILL RD),https://www.ubereats.com/atlanta/food-delivery/mcdonalds-2726-chapel-hill-rd/chJmqQWLQr-gI-tNrR6Bdg,douglasville-georgia,"['American', 'Burgers', 'Fast Food']",4.3,64,$,33.730942,-84.736538,+17709475224,,,,,"[{'@type': 'OpeningHoursSpecification', 'dayOfWeek': ['Sunday', 'Monday', 'Tuesday'], 'opens': '4:0', 'closes': '10:29'}, {'@type': 'OpeningHoursSpecification', 'dayOfWeek': ['Sunday', 'Monday', 'Tuesday'], 'opens': '10:30', 'closes': '16:59'}, {'@type': 'OpeningHoursSpecification', 'dayOfWeek': ['Sunday', 'Monday', 'Tuesday'], 'opens': '17:0', 'closes': '3:59'}, {'@type': 'OpeningHoursSpecification', 'dayOfWeek': 'Wednesday', 'opens': '4:0', 'closes': '10:29'}, {'@type': 'OpeningHoursSpecification', 'dayOfWeek': 'Wednesday', 'opens': '10:30', 'closes': '16:59'}, {'@type': 'OpeningHoursSpecification', 'dayOfWeek': 'Wednesday', 'opens': '17:0', 'closes': '3:44'}, {'@type': 'OpeningHoursSpecification', 'dayOfWeek': 'Thursday', 'opens': '6:30', 'closes': '10:29'}, {'@type': 'OpeningHoursSpecification', 'dayOfWeek': 'Thursday', 'opens': '10:30', 'closes': '16:59'}, {'@type': 'OpeningHoursSpecification', 'dayOfWeek': 'Thursday', 'opens': '17:0', 'closes': '3:59'}, {'@type': 'OpeningHoursSpecification', 'dayOfWeek': ['Friday', 'Saturday'], 'opens': '4:0', 'closes': '10:29'}, {'@type': 'OpeningHoursSpecification', 'dayOfWeek': ['Friday', 'Saturday'], 'opens': '10:30', 'closes': '16:59'}, {'@type': 'OpeningHoursSpecification', 'dayOfWeek': ['Friday', 'Saturday'], 'opens': '17:0', 'closes': '3:59'}]",,"{'@type': 'GeoCoordinates', 'latitude': 33.730942, 'longitude': -84.736538}","{'@type': 'AggregateRating', 'ratingValue': 4.3, 'reviewCount': '64'}"
Hunan Chinese Restaurant (Douglasville),https://www.ubereats.com/atlanta/food-delivery/hunan-chinese-restaurant-douglasville/bO0u8tLLTz6jC8UhTR7kNA,douglasville-georgia,"['Asian Fusion', 'Asian', 'Korean']",,,$,33.7523724,-84.73203579999999,+17709426487,30134,6105 Fairburn Rd,Douglasville,GA,"[{'@type': 'OpeningHoursSpecification', 'dayOfWeek': ['Sunday', 'Monday', 'Tuesday', 'Wednesday', 'Thursday'], 'opens': '11:0', 'closes': '22:0'}, {'@type': 'OpeningHoursSpecification', 'dayOfWeek': ['Friday', 'Saturday'], 'opens': '11:0', 'closes': '23:0'}]","{'@type': 'PostalAddress', 'addressLocality': 'Douglasville', 'addressRegion': 'GA', 'postalCode': '30134', 'addressCountry': 'US', 'streetAddress': '6105 Fairburn Rd'}","{'@type': 'GeoCoordinates', 'latitude': 33.7523724, 'longitude': -84.73203579999999}",{}
The Real Cooking Diva,https://www.ubereats.com/atlanta/food-delivery/the-real-cooking-diva/2LPH8giISSiIqUxVb4lrQQ,douglasville-georgia,"['Burgers', 'American', 'Sandwiches']",,,$,33.8189552,-84.5969226,+14702259490,,,,,"[{'@type': 'OpeningHoursSpecification', 'dayOfWeek': ['Monday', 'Tuesday', 'Wednesday', 'Thursday', 'Friday', 'Saturday'], 'opens': '7:0', 'closes': '16:0'}]",,"{'@type': 'GeoCoordinates', 'latitude': 33.8189552, 'longitude': -84.5969226}",{}
Samarvis Caribbean Cuisine,https://www.ubereats.com/atlanta/food-delivery/samarvis-caribbean-cuisine/DyGxJkgnQd-M4mmrperFmg,douglasville-georgia,"['Caribbean', 'Seafood', 'Latin American']",,,$,33.7820216,-84.702676,+16786957138,30134,4010 Bankhead Hwy,Douglasville,GA,"[{'@type': 'OpeningHoursSpecification', 'dayOfWeek': ['Monday', 'Tuesday', 'Wednesday', 'Thursday', 'Friday', 'Saturday'], 'opens': '11:30', 'closes': '18:30'}, {'@type': 'OpeningHoursSpecification', 'dayOfWeek': ['Monday', 'Tuesday', 'Wednesday', 'Thursday', 'Friday', 'Saturday'], 'opens': '11:30', 'closes': '15:0'}]","{'@type': 'PostalAddress', 'addressLocality': 'Douglasville', 'addressRegion': 'GA', 'postalCode': '30134', 'addressCountry': 'US', 'streetAddress': '4010 Bankhead Hwy'}","{'@type': 'GeoCoordinates', 'latitude': 33.7820216, 'longitude': -84.702676}",{}
Dunkin' (9476 Highway 5),https://www.ubereats.com/atlanta/food-delivery/dunkin-9476-highway-5/eClk1cWbTbau_5Z2Ao_3vw,douglasville-georgia,"['Breakfast & Brunch', 'Donuts']",,,$,33.7250448,-84.7614432,+17709493499,30135,9476 Highway 5,Douglasville,GA,"[{'@type': 'OpeningHoursSpecification', 'dayOfWeek': 'Sunday', 'opens': '5:30', 'closes': '20:30'}, {'@type': 'OpeningHoursSpecification', 'dayOfWeek': ['Monday', 'Tuesday', 'Wednesday', 'Thursday', 'Friday'], 'opens': '4:30', 'closes': '20:30'}, {'@type': 'OpeningHoursSpecification', 'dayOfWeek': 'Saturday', 'opens': '5:30', 'closes': '20:30'}]","{'@type': 'PostalAddress', 'addressLocality': 'Douglasville', 'addressRegion': 'GA', 'postalCode': '30135', 'addressCountry': 'US', 'streetAddress': '9476 Highway 5'}","{'@type': 'GeoCoordinates', 'latitude': 33.7250448, 'longitude': -84.7614432}",{}
April's Place (Thornton Rd),https://www.ubereats.com/atlanta/food-delivery/aprils-place-thornton-rd/ECJWuVDkSXqhB0kl3FO5rg,douglasville-georgia,"['BBQ', 'American', 'Soul Food', 'Comfort Food']",3.9,85,$,33.779803,-84.60655609999999,+17707320021,30122,904-A- Thornton Rd.,Lithia Springs,Georgia,"[{'@type': 'OpeningHoursSpecification', 'dayOfWeek': 'Sunday', 'opens': '12:0', 'closes': '18:0'}, {'@type': 'OpeningHoursSpecification', 'dayOfWeek': ['Tuesday', 'Wednesday', 'Thursday', 'Friday'], 'opens': '11:0', 'closes': '20:0'}]","{'@type': 'PostalAddress', 'addressLocality': 'Lithia Springs', 'addressRegion': 'Georgia', 'postalCode': '30122', 'addressCountry': 'US', 'streetAddress': '904-A- Thornton Rd.'}","{'@type': 'GeoCoordinates', 'latitude': 33.779803, 'longitude': -84.60655609999999}","{'@type': 'AggregateRating', 'ratingValue': 3.9, 'reviewCount': '85'}"
Okinawa Hibachi and Sushi,https://www.ubereats.com/atlanta/food-delivery/okinawa-hibachi-and-sushi/neCOIeDoQqO1Rij-7llNqA,douglasville-georgia,"['Sushi', 'Japanese']",4.6,500,$$,33.85406,-84.598437,+17706941228,30106,1605 East-West Connector,Austell,Georgia,"[{'@type': 'OpeningHoursSpecification', 'dayOfWeek': ['Monday', 'Tuesday', 'Wednesday', 'Thursday'], 'opens': '11:30', 'closes': '21:0'}, {'@type': 'OpeningHoursSpecification', 'dayOfWeek': ['Monday', 'Tuesday', 'Wednesday', 'Thursday'], 'opens': '11:30', 'closes': '15:0'}, {'@type': 'OpeningHoursSpecification', 'dayOfWeek': ['Monday', 'Tuesday', 'Wednesday', 'Thursday'], 'opens': '11:30', 'closes': '22:0'}, {'@type': 'OpeningHoursSpecification', 'dayOfWeek': 'Friday', 'opens': '11:30', 'closes': '21:30'}, {'@type': 'OpeningHoursSpecification', 'dayOfWeek': 'Friday', 'opens': '11:30', 'closes': '15:0'}, {'@type': 'OpeningHoursSpecification', 'dayOfWeek': 'Friday', 'opens': '11:30', 'closes': '22:30'}, {'@type': 'OpeningHoursSpecification', 'dayOfWeek': 'Saturday', 'opens': '11:30', 'closes': '21:30'}, {'@type': 'OpeningHoursSpecification', 'dayOfWeek': 'Saturday', 'opens': '11:30', 'closes': '22:30'}]","{'@type': 'PostalAddress', 'addressLocality': 'Austell', 'addressRegion': 'Georgia', 'postalCode': '30106', 'addressCountry': 'US', 'streetAddress': '1605 East-West Connector'}","{'@type': 'GeoCoordinates', 'latitude': 33.85406, 'longitude': -84.598437}","{'@type': 'AggregateRating', 'ratingValue': 4.6, 'reviewCount': '500'}"
Isabella's Pizza & Wings,https://www.ubereats.com/atlanta/food-delivery/isabellas-pizza-%26-wings/fgMD_pBlQ6G_XxvzxMFiNw,douglasville-georgia,"['Wings', 'American', 'Fast Food']",4.3,40,$,33.8122549,-84.6355066,+16784012768,30168,2805 Veterans Memorial Highway SW,Austell,GA,"[{'@type': 'OpeningHoursSpecification', 'dayOfWeek': ['Tuesday', 'Wednesday', 'Thursday'], 'opens': '15:0', 'closes': '21:0'}, {'@type': 'OpeningHoursSpecification', 'dayOfWeek': 'Friday', 'opens': '11:0', 'closes': '21:0'}, {'@type': 'OpeningHoursSpecification', 'dayOfWeek': 'Saturday', 'opens': '12:0', 'closes': '21:0'}]","{'@type': 'PostalAddress', 'addressLocality': 'Austell', 'addressRegion': 'GA', 'postalCode': '30168', 'addressCountry': 'US', 'streetAddress': '2805 Veterans Memorial Highway SW'}","{'@type': 'GeoCoordinates', 'latitude': 33.8122549, 'longitude': -84.6355066}","{'@type': 'AggregateRating', 'ratingValue': 4.3, 'reviewCount': '40'}"
"The Juicy Crab(Douglasville, GA)",https://www.ubereats.com/atlanta/food-delivery/the-juicy-crabdouglasville-ga/EvrwmSbdRGCrBCOuf-AVAg,douglasville-georgia,"['American', 'Southern', 'Seafood', 'Cajun']",4.1,175,$$,33.72021530000001,-84.76585949999999,+16782476189,30135,3171 Highway 5,Douglasville,GA,"[{'@type': 'OpeningHoursSpecification', 'dayOfWeek': 'Sunday', 'opens': '12:0', 'closes': '21:30'}, {'@type': 'OpeningHoursSpecification', 'dayOfWeek': ['Monday', 'Tuesday', 'Wednesday', 'Thursday', 'Friday'], 'opens': '12:0', 'closes': '21:30'}, {'@type': 'OpeningHoursSpecification', 'dayOfWeek': ['Monday', 'Tuesday', 'Wednesday', 'Thursday', 'Friday'], 'opens': '12:0', 'closes': '15:0'}, {'@type': 'OpeningHoursSpecification', 'dayOfWeek': 'Saturday', 'opens': '12:0', 'closes': '21:30'}]","{'@type': 'PostalAddress', 'addressLocality': 'Douglasville', 'addressRegion': 'GA', 'postalCode': '30135', 'addressCountry': 'US', 'streetAddress': '3171 Highway 5'}","{'@type': 'GeoCoordinates', 'latitude': 33.72021530000001, 'longitude': -84.76585949999999}","{'@type': 'AggregateRating', 'ratingValue': 4.1, 'reviewCount': '175'}"
The Place Tavern (Wendy Bagwell Pkwy),https://www.ubereats.com/atlanta/food-delivery/the-place-tavern-wendy-bagwell-pkwy/A6y5-vV2REOqzvPCNaL-rg,douglasville-georgia,"['American', 'Burgers']",4.1,81,$$,33.88250040657282,-84.73052070820368,+17702226689,,,,,"[{'@type': 'OpeningHoursSpecification', 'dayOfWeek': ['Sunday', 'Monday'], 'opens': '11:0', 'closes': '12:0'}, {'@type': 'OpeningHoursSpecification', 'dayOfWeek': ['Sunday', 'Monday'], 'opens': '11:0', 'closes': '23:0'}, {'@type': 'OpeningHoursSpecification', 'dayOfWeek': ['Sunday', 'Monday'], 'opens': '11:0', 'closes': '23:0'}, {'@type': 'OpeningHoursSpecification', 'dayOfWeek': ['Tuesday', 'Wednesday', 'Thursday', 'Friday', 'Saturday'], 'opens': '11:0', 'closes': '12:0'}, {'@type': 'OpeningHoursSpecification', 'dayOfWeek': ['Tuesday', 'Wednesday', 'Thursday', 'Friday', 'Saturday'], 'opens': '11:0', 'closes': '23:0'}]",,"{'@type': 'GeoCoordinates', 'latitude': 33.88250040657282, 'longitude': -84.73052070820368}","{'@type': 'AggregateRating', 'ratingValue': 4.1, 'reviewCount': '81'}"
Willie T's Dawgs & Burgers,https://www.ubereats.com/atlanta/food-delivery/willie-ts-dawgs-%26-burgers/vFBsZfMxSryEekudQqh6Mw,douglasville-georgia,"['Burgers', 'Traditional American', 'Breakfast and Brunch']",4.4,33,$,33.875271,-84.761348,+14048071618,30141,159A Main St,Hiram,GA,"[{'@type': 'OpeningHoursSpecification', 'dayOfWeek': ['Monday', 'Tuesday', 'Wednesday', 'Thursday', 'Friday', 'Saturday'], 'opens': '11:0', 'closes': '16:0'}]","{'@type': 'PostalAddress', 'addressLocality': 'Hiram', 'addressRegion': 'GA', 'postalCode': '30141', 'addressCountry': 'US', 'streetAddress': '159A Main St'}","{'@type': 'GeoCoordinates', 'latitude': 33.875271, 'longitude': -84.761348}","{'@type': 'AggregateRating', 'ratingValue': 4.4, 'reviewCount': '33'}"
WNB Factory Wings & Burger - Douglasville,https://www.ubereats.com/atlanta/food-delivery/wnb-factory-wings-%26-burger-douglasville/OEJCxDxJQb27EKKqL-ZNtA,douglasville-georgia,"['Wings', 'Burgers', 'Sandwich', 'Family Meals']",3.8,72,$,33.7511425,-84.7311081,+17705753106,30134,6071 Fairburn Rd,Douglasville,GA,"[{'@type': 'OpeningHoursSpecification', 'dayOfWeek': ['Monday', 'Tuesday', 'Wednesday', 'Thursday', 'Friday', 'Saturday', 'Sunday'], 'opens': '11:0', 'closes': '20:0'}]","{'@type': 'PostalAddress', 'addressLocality': 'Douglasville', 'addressRegion': 'GA', 'postalCode': '30134', 'addressCountry': 'US', 'streetAddress': '6071 Fairburn Rd'}","{'@type': 'GeoCoordinates', 'latitude': 33.7511425, 'longitude': -84.7311081}","{'@type': 'AggregateRating', 'ratingValue': 3.8, 'reviewCount': '72'}"
Arby's (2755 CHAPEL HILL RD),https://www.ubereats.com/atlanta/food-delivery/arbys-2755-chapel-hill-rd/jE0NS7ZNR2mH3MVy_o2u0g,douglasville-georgia,"['American', 'Sandwich', 'Fast Food', 'Kids Friendly']",4.3,66,$,33.7311604,-84.7378001,+17709476652,30134,2755 CHAPEL HILL RD,DOUGLASVILLE,GA,"[{'@type': 'OpeningHoursSpecification', 'dayOfWeek': ['Monday', 'Tuesday', 'Wednesday', 'Thursday', 'Friday', 'Saturday', 'Sunday'], 'opens': '10:0', 'closes': '23:0'}]","{'@type': 'PostalAddress', 'addressLocality': 'DOUGLASVILLE', 'addressRegion': 'GA', 'postalCode': '30134', 'addressCountry': 'US', 'streetAddress': '2755 CHAPEL HILL RD'}","{'@type': 'GeoCoordinates', 'latitude': 33.7311604, 'longitude': -84.7378001}","{'@type': 'AggregateRating', 'ratingValue': 4.3, 'reviewCount': '66'}"
Krystal (5809 Stewart Pkwy),https://www.ubereats.com/atlanta/food-delivery/krystal-5809-stewart-pkwy/Men4wFIZRnyH2ZYKsIVasA,douglasville-georgia,"['American', 'Burgers', 'Fast Food']",4.6,16,$,33.718311,-84.76593,+17709471313,30135,5809 Stewart Parkway,Douglasville,GA,"[{'@type': 'OpeningHoursSpecification', 'dayOfWeek': ['Sunday', 'Monday', 'Tuesday', 'Wednesday', 'Thursday'], 'opens': '10:0', 'closes': '11:0'}, {'@type': 'OpeningHoursSpecification', 'dayOfWeek': ['Sunday', 'Monday', 'Tuesday', 'Wednesday', 'Thursday'], 'opens': '10:0', 'closes': '22:59'}, {'@type': 'OpeningHoursSpecification', 'dayOfWeek': ['Friday', 'Saturday'], 'opens': '10:0', 'closes': '11:0'}, {'@type': 'OpeningHoursSpecification', 'dayOfWeek': ['Friday', 'Saturday'], 'opens': '10:0', 'closes': '0:59'}]","{'@type': 'PostalAddress', 'addressLocality': 'Douglasville', 'addressRegion': 'GA', 'postalCode': '30135', 'addressCountry': 'US', 'streetAddress': '5809 Stewart Parkway'}","{'@type': 'GeoCoordinates', 'latitude': 33.718311, 'longitude': -84.76593}","{'@type': 'AggregateRating', 'ratingValue': 4.6, 'reviewCount': '16'}"
Dairy Queen - Treat (6126 Fairburn Rd),https://www.ubereats.com/atlanta/food-delivery/dairy-queen-treat-6126-fairburn-rd/MVzYiGKOTq-ni6ayR3mOPw,douglasville-georgia,"['Ice Cream and Frozen Yogurt', 'Burgers', 'Fast Food']",4.6,136,$,33.750539,-84.73282139999999,+17709425858,30134,6126 Fairburn Rd,Douglasville,GA,"[{'@type': 'OpeningHoursSpecification', 'dayOfWeek': ['Monday', 'Tuesday', 'Wednesday', 'Thursday', 'Friday', 'Saturday', 'Sunday'], 'opens': '10:0', 'closes': '21:0'}]","{'@type': 'PostalAddress', 'addressLocality': 'Douglasville', 'addressRegion': 'GA', 'postalCode': '30134', 'addressCountry': 'US', 'streetAddress': '6126 Fairburn Rd'}","{'@type': 'GeoCoordinates', 'latitude': 33.750539, 'longitude': -84.73282139999999}","{'@type': 'AggregateRating', 'ratingValue': 4.6, 'reviewCount': '136'}"
Paradise Smoothie Juice Bar,https://www.ubereats.com/atlanta/food-delivery/paradise-smoothie-juice-bar/JlFoDFCRTbKYLfFPGKu0lA,douglasville-georgia,['Juice and Smoothies'],,,$$,33.8174846,-84.5759774,+14042473481,30126,5590,Mableton,Georgia,"[{'@type': 'OpeningHoursSpecification', 'dayOfWeek': ['Monday', 'Tuesday', 'Wednesday', 'Thursday', 'Friday'], 'opens': '11:0', 'closes': '18:30'}, {'@type': 'OpeningHoursSpecification', 'dayOfWeek': 'Saturday', 'opens': '10:30', 'closes': '17:0'}]","{'@type': 'PostalAddress', 'addressLocality': 'Mableton', 'addressRegion': 'Georgia', 'postalCode': '30126', 'addressCountry': 'US', 'streetAddress': '5590'}","{'@type': 'GeoCoordinates', 'latitude': 33.8174846, 'longitude': -84.5759774}",{}
Floyd Wings & Grill,https://www.ubereats.com/atlanta/food-delivery/floyd-wings-%26-grill/tPesucPiSs-KC0yQjqfgpQ,douglasville-georgia,"['American', 'Wings', 'Family Meals']",4.4,143,$$,33.8244959,-84.5747062,+17706757267,30126,5345 Floyd Rd SW,Mableton,GA,"[{'@type': 'OpeningHoursSpecification', 'dayOfWeek': 'Sunday', 'opens': '12:0', 'closes': '21:0'}, {'@type': 'OpeningHoursSpecification', 'dayOfWeek': ['Monday', 'Tuesday', 'Wednesday', 'Thursday', 'Friday', 'Saturday'], 'opens': '11:0', 'closes': '21:29'}]","{'@type': 'PostalAddress', 'addressLocality': 'Mableton', 'addressRegion': 'GA', 'postalCode': '30126', 'addressCountry': 'US', 'streetAddress': '5345 Floyd Rd SW'}","{'@type': 'GeoCoordinates', 'latitude': 33.8244959, 'longitude': -84.5747062}","{'@type': 'AggregateRating', 'ratingValue': 4.4, 'reviewCount': '143'}"
Sandtown Pub,https://www.ubereats.com/atlanta/food-delivery/sandtown-pub/VwkPdIhDQnuf-lexLtKUHg,douglasville-georgia,"['Burgers', 'American', 'Sandwiches']",4.1,28,$,33.699538,-84.5784118,+16789047044,30331,5819 Campbellton Rd SW,Atlanta,GA,"[{'@type': 'OpeningHoursSpecification', 'dayOfWeek': 'Sunday', 'opens': '10:0', 'closes': '0:0'}, {'@type': 'OpeningHoursSpecification', 'dayOfWeek': ['Monday', 'Tuesday', 'Wednesday', 'Thursday'], 'opens': '11:0', 'closes': '8:30'}, {'@type': 'OpeningHoursSpecification', 'dayOfWeek': ['Friday', 'Saturday'], 'opens': '11:0', 'closes': '2:0'}]","{'@type': 'PostalAddress', 'addressLocality': 'Atlanta', 'addressRegion': 'GA', 'postalCode': '30331', 'addressCountry': 'US', 'streetAddress': '5819 Campbellton Rd SW'}","{'@type': 'GeoCoordinates', 'latitude': 33.699538, 'longitude': -84.5784118}","{'@type': 'AggregateRating', 'ratingValue': 4.1, 'reviewCount': '28'}"
,https://www.ubereats.com/atlanta/food-delivery/healthy-kitchen/zq2k7Z-1SaGS9WP_Lo8WHA,douglasville-georgia,,,,,,,,,,,,,,,
Dunkin' (1300 W Corporate Ct Suite C),https://www.ubereats.com/atlanta/food-delivery/dunkin-1300-w-corporate-ct-suite-c/7p8RJmRYSzawaHoXF_1D3g,douglasville-georgia,"['Breakfast and Brunch', 'Donuts']",4.6,62,$,33.7866984,-84.61851829999999,+16789457919,30122,1300 W Corporate Ct,Lithia Springs,GA,"[{'@type': 'OpeningHoursSpecification', 'dayOfWeek': 'Sunday', 'opens': '6:0', 'closes': '21:0'}, {'@type': 'OpeningHoursSpecification', 'dayOfWeek': ['Monday', 'Tuesday', 'Wednesday', 'Thursday', 'Friday', 'Saturday'], 'opens': '5:0', 'closes': '21:0'}]","{'@type': 'PostalAddress', 'addressLocality': 'Lithia Springs', 'addressRegion': 'GA', 'postalCode': '30122', 'addressCountry': 'US', 'streetAddress': '1300 W Corporate Ct'}","{'@type': 'GeoCoordinates', 'latitude': 33.7866984, 'longitude': -84.61851829999999}","{'@type': 'AggregateRating', 'ratingValue': 4.6, 'reviewCount': '62'}"
Taco Mac (Douglasville),https://www.ubereats.com/atlanta/food-delivery/taco-mac-douglasville/67JpUzRjSQWbrCe9R5hPGA,douglasville-georgia,['American'],4.3,359,$$,33.724393,-84.765339,+17709420499,30135,7397 Douglas Blvd,Douglasville,Georgia,"[{'@type': 'OpeningHoursSpecification', 'dayOfWeek': ['Sunday', 'Monday', 'Tuesday', 'Wednesday', 'Thursday'], 'opens': '11:0', 'closes': '23:30'}, {'@type': 'OpeningHoursSpecification', 'dayOfWeek': ['Friday', 'Saturday'], 'opens': '11:0', 'closes': '0:30'}]","{'@type': 'PostalAddress', 'addressLocality': 'Douglasville', 'addressRegion': 'Georgia', 'postalCode': '30135', 'addressCountry': 'US', 'streetAddress': '7397 Douglas Blvd'}","{'@type': 'GeoCoordinates', 'latitude': 33.724393, 'longitude': -84.765339}","{'@type': 'AggregateRating', 'ratingValue': 4.3, 'reviewCount': '359'}"
Ayo African restaurant,https://www.ubereats.com/atlanta/food-delivery/ayo-african-restaurant/EW-SGBo4QZ21oRZAQac1_g,douglasville-georgia,"['African', 'Comfort Food', 'Steak', 'Healthy']",4.5,23,$,33.8285687,-84.61461299999999,+14706516708,,,,,"[{'@type': 'OpeningHoursSpecification', 'dayOfWeek': 'Sunday', 'opens': '13:0', 'closes': '20:0'}, {'@type': 'OpeningHoursSpecification', 'dayOfWeek': ['Monday', 'Tuesday', 'Wednesday', 'Thursday', 'Friday', 'Saturday'], 'opens': '11:0', 'closes': '21:0'}]",,"{'@type': 'GeoCoordinates', 'latitude': 33.8285687, 'longitude': -84.61461299999999}","{'@type': 'AggregateRating', 'ratingValue': 4.5, 'reviewCount': '23'}"
El Galaxy Sports Bar & Grill,https://www.ubereats.com/atlanta/food-delivery/el-galaxy-sports-bar-%26-grill/9cW6yDxkRIuNamEALGX6Eg,douglasville-georgia,"['Mexican', 'Latin American', 'New Mexican']",,,$$$,33.8291766,-84.6120979,+14047297523,30106,5055,Austell,GA,"[{'@type': 'OpeningHoursSpecification', 'dayOfWeek': 'Sunday', 'opens': '11:0', 'closes': '22:25'}, {'@type': 'OpeningHoursSpecification', 'dayOfWeek': ['Monday', 'Tuesday', 'Wednesday', 'Thursday', 'Friday'], 'opens': '17:0', 'closes': '0:0'}, {'@type': 'OpeningHoursSpecification', 'dayOfWeek': 'Saturday', 'opens': '15:0', 'closes': '1:0'}]","{'@type': 'PostalAddress', 'addressLocality': 'Austell', 'addressRegion': 'GA', 'postalCode': '30106', 'addressCountry': 'US', 'streetAddress': '5055'}","{'@type': 'GeoCoordinates', 'latitude': 33.8291766, 'longitude': -84.6120979}",{}
J.R. Crickets (Austell),https://www.ubereats.com/atlanta/food-delivery/jr-crickets-austell/n5j2u-roSkW3VL1rkhTw-Q,douglasville-georgia,"['Wings', 'Traditional American', 'Seafood']",4.1,178,$$,33.851775,-84.606271,+16787418888,30106,4180,Austell,Georgia,"[{'@type': 'OpeningHoursSpecification', 'dayOfWeek': 'Sunday', 'opens': '12:0', 'closes': '19:30'}, {'@type': 'OpeningHoursSpecification', 'dayOfWeek': ['Monday', 'Tuesday', 'Wednesday', 'Thursday', 'Friday', 'Saturday'], 'opens': '17:0', 'closes': '22:30'}]","{'@type': 'PostalAddress', 'addressLocality': 'Austell', 'addressRegion': 'Georgia', 'postalCode': '30106', 'addressCountry': 'US', 'streetAddress': '4180'}","{'@type': 'GeoCoordinates', 'latitude': 33.851775, 'longitude': -84.606271}","{'@type': 'AggregateRating', 'ratingValue': 4.1, 'reviewCount': '178'}"
Chuck E. Cheese (6890 Douglas Blvd),https://www.ubereats.com/atlanta/food-delivery/chuck-e-cheese-6890-douglas-blvd/XpSm_PlpT9-nxL9uqPKtRw,douglasville-georgia,['Pizza'],,,$,33.727039,-84.755589,+17705773720,30135,6890 Douglas Blvd,Douglasville,GA,"[{'@type': 'OpeningHoursSpecification', 'dayOfWeek': ['Monday', 'Tuesday', 'Wednesday', 'Thursday', 'Friday', 'Saturday', 'Sunday'], 'opens': '11:0', 'closes': '21:0'}]","{'@type': 'PostalAddress', 'addressLocality': 'Douglasville', 'addressRegion': 'GA', 'postalCode': '30135', 'addressCountry': 'US', 'streetAddress': '6890 Douglas Blvd'}","{'@type': 'GeoCoordinates', 'latitude': 33.727039, 'longitude': -84.755589}",{}
SharBerry Kitchen inc,https://www.ubereats.com/atlanta/food-delivery/sharberry-kitchen-inc/QZIO3xDPSw-BY7Da0epr_A,douglasville-georgia,"['Burgers', 'Sandwiches', 'Seafood']",,,$,33.7762743,-84.7061574,+6785405650,30134,4095 Bankhead Hwy,Douglasville,GA,"[{'@type': 'OpeningHoursSpecification', 'dayOfWeek': 'Sunday', 'opens': '11:0', 'closes': '17:0'}, {'@type': 'OpeningHoursSpecification', 'dayOfWeek': ['Tuesday', 'Wednesday', 'Thursday'], 'opens': '11:0', 'closes': '20:0'}, {'@type': 'OpeningHoursSpecification', 'dayOfWeek': ['Friday', 'Saturday'], 'opens': '11:0', 'closes': '12:0'}]","{'@type': 'PostalAddress', 'addressLocality': 'Douglasville', 'addressRegion': 'GA', 'postalCode': '30134', 'addressCountry': 'US', 'streetAddress': '4095 Bankhead Hwy'}","{'@type': 'GeoCoordinates', 'latitude': 33.7762743, 'longitude': -84.7061574}",{}
Smoothie King,https://www.ubereats.com/atlanta/food-delivery/smoothie-king/8DVnnWWdQ9Cxd50kz8Xn8A,douglasville-georgia,"['Juice and Smoothies', 'Desserts', 'Coffee and Tea']",4.7,27,$,33.7243515,-84.7607221,+16784267066,30135,9488 GA-5,Douglasville,Georgia,"[{'@type': 'OpeningHoursSpecification', 'dayOfWeek': 'Sunday', 'opens': '10:0', 'closes': '19:30'}, {'@type': 'OpeningHoursSpecification', 'dayOfWeek': ['Monday', 'Tuesday', 'Wednesday', 'Thursday', 'Friday'], 'opens': '7:0', 'closes': '20:30'}, {'@type': 'OpeningHoursSpecification', 'dayOfWeek': 'Saturday', 'opens': '8:0', 'closes': '20:30'}]","{'@type': 'PostalAddress', 'addressLocality': 'Douglasville', 'addressRegion': 'Georgia', 'postalCode': '30135', 'addressCountry': 'US', 'streetAddress': '9488 GA-5'}","{'@type': 'GeoCoordinates', 'latitude': 33.7243515, 'longitude': -84.7607221}","{'@type': 'AggregateRating', 'ratingValue': 4.7, 'reviewCount': '27'}"
Taco Bell (5753 Fairburn Road),https://www.ubereats.com/atlanta/food-delivery/taco-bell-5753-fairburn-road/y8pH6K_ISNidKQzoApA4nQ,douglasville-georgia,"['Burritos', 'Fast Food', 'Mexican']",4.1,197,$,33.7517362,-84.72245339999999,+17709499588,30134,5753 Fairburn Road,Douglasville,GA,"[{'@type': 'OpeningHoursSpecification', 'dayOfWeek': ['Monday', 'Tuesday', 'Wednesday', 'Thursday', 'Friday', 'Saturday', 'Sunday'], 'opens': '14:0', 'closes': '17:0'}, {'@type': 'OpeningHoursSpecification', 'dayOfWeek': ['Monday', 'Tuesday', 'Wednesday', 'Thursday', 'Friday', 'Saturday', 'Sunday'], 'opens': '8:0', 'closes': '0:30'}, {'@type': 'OpeningHoursSpecification', 'dayOfWeek': ['Monday', 'Tuesday', 'Wednesday', 'Thursday', 'Friday', 'Saturday', 'Sunday'], 'opens': '8:0', 'closes': '10:30'}]","{'@type': 'PostalAddress', 'addressLocality': 'Douglasville', 'addressRegion': 'GA', 'postalCode': '30134', 'addressCountry': 'US', 'streetAddress': '5753 Fairburn Road'}","{'@type': 'GeoCoordinates', 'latitude': 33.7517362, 'longitude': -84.72245339999999}","{'@type': 'AggregateRating', 'ratingValue': 4.1, 'reviewCount': '197'}"
Moe's Southwest Grill (Douglasville),https://www.ubereats.com/atlanta/food-delivery/moes-southwest-grill-douglasville/c6DZIokSRRGVgQiHBYY-6w,douglasville-georgia,"['Mexican', 'Family Meals']",3.8,76,$,33.724708,-84.758119,+17709421919,30135,6968 Douglas Blvd,Douglasville,GA,"[{'@type': 'OpeningHoursSpecification', 'dayOfWeek': ['Monday', 'Tuesday', 'Wednesday', 'Thursday', 'Friday', 'Saturday', 'Sunday'], 'opens': '11:0', 'closes': '21:0'}]","{'@type': 'PostalAddress', 'addressLocality': 'Douglasville', 'addressRegion': 'GA', 'postalCode': '30135', 'addressCountry': 'US', 'streetAddress': '6968 Douglas Blvd'}","{'@type': 'GeoCoordinates', 'latitude': 33.724708, 'longitude': -84.758119}","{'@type': 'AggregateRating', 'ratingValue': 3.8, 'reviewCount': '76'}"
Firehouse Subs (Austell),https://www.ubereats.com/atlanta/food-delivery/firehouse-subs-austell/2sq2wmWMRESETCA5B_1Aiw,douglasville-georgia,['Sandwich'],4.4,114,$,33.866942,-84.626806,+17704396165,30106,2860-2 E. W. Connector,Austell,Georgia,"[{'@type': 'OpeningHoursSpecification', 'dayOfWeek': ['Monday', 'Tuesday', 'Wednesday', 'Thursday', 'Friday', 'Saturday', 'Sunday'], 'opens': '11:0', 'closes': '19:30'}]","{'@type': 'PostalAddress', 'addressLocality': 'Austell', 'addressRegion': 'Georgia', 'postalCode': '30106', 'addressCountry': 'US', 'streetAddress': '2860-2 E. W. Connector'}","{'@type': 'GeoCoordinates', 'latitude': 33.866942, 'longitude': -84.626806}","{'@type': 'AggregateRating', 'ratingValue': 4.4, 'reviewCount': '114'}"
Gabe’s Downtown (Church St),https://www.ubereats.com/atlanta/food-delivery/gabes-downtown-church-st/UE4SPqThSG6hDS8plLUI3Q,douglasville-georgia,"['Cajun', 'Pizza', 'Sandwich']",4.5,34,$,33.7498,-84.749459,+17707651951,30134,6716 Church St,Douglasville,GA,"[{'@type': 'OpeningHoursSpecification', 'dayOfWeek': ['Tuesday', 'Wednesday', 'Thursday', 'Friday'], 'opens': '11:0', 'closes': '13:30'}, {'@type': 'OpeningHoursSpecification', 'dayOfWeek': ['Tuesday', 'Wednesday', 'Thursday', 'Friday'], 'opens': '17:0', 'closes': '19:30'}, {'@type': 'OpeningHoursSpecification', 'dayOfWeek': 'Saturday', 'opens': '17:0', 'closes': '19:30'}]","{'@type': 'PostalAddress', 'addressLocality': 'Douglasville', 'addressRegion': 'GA', 'postalCode': '30134', 'addressCountry': 'US', 'streetAddress': '6716 Church St'}","{'@type': 'GeoCoordinates', 'latitude': 33.7498, 'longitude': -84.749459}","{'@type': 'AggregateRating', 'ratingValue': 4.5, 'reviewCount': '34'}"
EpiFuel Bar,https://www.ubereats.com/atlanta/food-delivery/epifuel-bar/l5RtOiN_SuS6ADq7o3vtDQ,douglasville-georgia,"['Juice and Smoothies', 'Breakfast and Brunch', 'Vegetarian']",,,$,33.7719694,-84.5573057,+16787073327,30168,135 Riverside Pkwy,Austell,GA,"[{'@type': 'OpeningHoursSpecification', 'dayOfWeek': ['Monday', 'Tuesday', 'Wednesday', 'Thursday', 'Friday'], 'opens': '7:30', 'closes': '13:30'}, {'@type': 'OpeningHoursSpecification', 'dayOfWeek': ['Monday', 'Tuesday', 'Wednesday', 'Thursday', 'Friday'], 'opens': '16:30', 'closes': '19:30'}, {'@type': 'OpeningHoursSpecification', 'dayOfWeek': 'Saturday', 'opens': '8:30', 'closes': '12:0'}]","{'@type': 'PostalAddress', 'addressLocality': 'Austell', 'addressRegion': 'GA', 'postalCode': '30168', 'addressCountry': 'US', 'streetAddress': '135 Riverside Pkwy'}","{'@type': 'GeoCoordinates', 'latitude': 33.7719694, 'longitude': -84.5573057}",{}
Burke's Grill,https://www.ubereats.com/atlanta/food-delivery/burkes-grill/gOleKbKHTzCRqjPX0auQjA,douglasville-georgia,"['Burgers', 'American', 'Sandwiches']",4.6,24,$,33.6961447,-84.7145742,+17709472860,,,,,"[{'@type': 'OpeningHoursSpecification', 'dayOfWeek': 'Sunday', 'opens': '9:30', 'closes': '15:0'}, {'@type': 'OpeningHoursSpecification', 'dayOfWeek': ['Monday', 'Tuesday', 'Wednesday', 'Thursday'], 'opens': '11:0', 'closes': '19:0'}, {'@type': 'OpeningHoursSpecification', 'dayOfWeek': ['Monday', 'Tuesday', 'Wednesday', 'Thursday'], 'opens': '11:0', 'closes': '19:0'}, {'@type': 'OpeningHoursSpecification', 'dayOfWeek': 'Friday', 'opens': '11:0', 'closes': '19:0'}, {'@type': 'OpeningHoursSpecification', 'dayOfWeek': 'Friday', 'opens': '11:0', 'closes': '19:0'}, {'@type': 'OpeningHoursSpecification', 'dayOfWeek': 'Friday', 'opens': '11:0', 'closes': '19:0'}, {'@type': 'OpeningHoursSpecification', 'dayOfWeek': 'Saturday', 'opens': '8:0', 'closes': '12:0'}]",,"{'@type': 'GeoCoordinates', 'latitude': 33.6961447, 'longitude': -84.7145742}","{'@type': 'AggregateRating', 'ratingValue': 4.6, 'reviewCount': '24'}"
Basil Thai Kitchen,https://www.ubereats.com/atlanta/food-delivery/basil-thai-kitchen/SgfDG7ARQp6Ba8328HjzNg,douglasville-georgia,"['Thai', 'Asian', 'Noodles']",,,$,33.72772449999999,-84.74608350000001,+16786979071,30135,6700 Douglas Blvd,Douglasville,CA,"[{'@type': 'OpeningHoursSpecification', 'dayOfWeek': 'Sunday', 'opens': '12:0', 'closes': '17:30'}, {'@type': 'OpeningHoursSpecification', 'dayOfWeek': ['Monday', 'Tuesday', 'Wednesday', 'Thursday', 'Friday', 'Saturday'], 'opens': '11:0', 'closes': '18:30'}]","{'@type': 'PostalAddress', 'addressLocality': 'Douglasville', 'addressRegion': 'CA', 'postalCode': '30135', 'addressCountry': 'US', 'streetAddress': '6700 Douglas Blvd'}","{'@type': 'GeoCoordinates', 'latitude': 33.72772449999999, 'longitude': -84.74608350000001}",{}
Red Lobster (3100 Georgia Highway #5),https://www.ubereats.com/atlanta/food-delivery/red-lobster-3100-georgia-highway-%235/ugDnPJIJTg6SuglqrN-ibw,douglasville-georgia,"['Seafood', 'American', 'Family Meals']",4.0,170,$$,33.7198276,-84.7632658,+17709498996,30135,3100 Georgia Highway #5,Douglasville,GA,"[{'@type': 'OpeningHoursSpecification', 'dayOfWeek': ['Sunday', 'Monday', 'Tuesday', 'Wednesday', 'Thursday'], 'opens': '11:30', 'closes': '20:0'}, {'@type': 'OpeningHoursSpecification', 'dayOfWeek': ['Friday', 'Saturday'], 'opens': '11:30', 'closes': '21:0'}]","{'@type': 'PostalAddress', 'addressLocality': 'Douglasville', 'addressRegion': 'GA', 'postalCode': '30135', 'addressCountry': 'US', 'streetAddress': '3100 Georgia Highway #5'}","{'@type': 'GeoCoordinates', 'latitude': 33.7198276, 'longitude': -84.7632658}","{'@type': 'AggregateRating', 'ratingValue': 4, 'reviewCount': '170'}"
Jersey Mike’s Subs (9478 GA-5),https://www.ubereats.com/atlanta/food-delivery/jersey-mikes-subs-9478-ga-5/t07WUpbjREafQ-raqGwXfg,douglasville-georgia,"['Sandwich', 'American']",4.8,80,$,33.7241171,-84.76068409999999,+16788557736,30135,9478 GA-5,Douglasville,GA,"[{'@type': 'OpeningHoursSpecification', 'dayOfWeek': 'Sunday', 'opens': '10:0', 'closes': '17:30'}, {'@type': 'OpeningHoursSpecification', 'dayOfWeek': ['Monday', 'Tuesday', 'Wednesday', 'Thursday', 'Friday', 'Saturday'], 'opens': '10:0', 'closes': '19:0'}]","{'@type': 'PostalAddress', 'addressLocality': 'Douglasville', 'addressRegion': 'GA', 'postalCode': '30135', 'addressCountry': 'US', 'streetAddress': '9478 GA-5'}","{'@type': 'GeoCoordinates', 'latitude': 33.7241171, 'longitude': -84.76068409999999}","{'@type': 'AggregateRating', 'ratingValue': 4.8, 'reviewCount': '80'}"
Checkers (894 Thornton Road),https://www.ubereats.com/atlanta/food-delivery/checkers-894-thornton-road/fVgstASeTcONnHvvFfZ9Ww,douglasville-georgia,"['American', 'burger']",3.7,152,$,33.7802965,-84.60706330000001,+16785936668,30122,894 Thornton Road,Lithia Springs,GA,"[{'@type': 'OpeningHoursSpecification', 'dayOfWeek': ['Sunday', 'Monday', 'Tuesday', 'Wednesday', 'Thursday'], 'opens': '10:0', 'closes': '1:30'}, {'@type': 'OpeningHoursSpecification', 'dayOfWeek': ['Friday', 'Saturday'], 'opens': '10:0', 'closes': '2:30'}]","{'@type': 'PostalAddress', 'addressLocality': 'Lithia Springs', 'addressRegion': 'GA', 'postalCode': '30122', 'addressCountry': 'US', 'streetAddress': '894 Thornton Road'}","{'@type': 'GeoCoordinates', 'latitude': 33.7802965, 'longitude': -84.60706330000001}","{'@type': 'AggregateRating', 'ratingValue': 3.7, 'reviewCount': '152'}"
Greedy's,https://www.ubereats.com/atlanta/food-delivery/greedys/7_byw7DTSG-XMgyEObs0wA,douglasville-georgia,"['American', 'Burgers', 'Breakfast and Brunch', 'Diner']",,,$,33.650711,-84.594182,+16785453430,30349,3840 Stonewall Tell Rd,Atlanta,Georgia,"[{'@type': 'OpeningHoursSpecification', 'dayOfWeek': ['Tuesday', 'Wednesday', 'Thursday', 'Friday'], 'opens': '12:30', 'closes': '14:0'}, {'@type': 'OpeningHoursSpecification', 'dayOfWeek': ['Tuesday', 'Wednesday', 'Thursday', 'Friday'], 'opens': '12:30', 'closes': '18:30'}, {'@type': 'OpeningHoursSpecification', 'dayOfWeek': 'Saturday', 'opens': '12:0', 'closes': '14:0'}, {'@type': 'OpeningHoursSpecification', 'dayOfWeek': 'Saturday', 'opens': '12:0', 'closes': '16:30'}]","{'@type': 'PostalAddress', 'addressLocality': 'Atlanta', 'addressRegion': 'Georgia', 'postalCode': '30349', 'addressCountry': 'US', 'streetAddress': '3840 Stonewall Tell Rd'}","{'@type': 'GeoCoordinates', 'latitude': 33.650711, 'longitude': -84.594182}",{}
Krispy Krunchy Chicken (Lithia Springs),https://www.ubereats.com/atlanta/food-delivery/krispy-krunchy-chicken-lithia-springs/Wthk2wbiSrGCkWYjJLq8PQ,douglasville-georgia,"['Chicken', 'American', 'Fast Food', 'Wings', 'Family Meals']",4.2,36,$,33.7723566,-84.60195329999999,+17709412041,30122,1104 Thorton Rd,Lithia Springs,GA,"[{'@type': 'OpeningHoursSpecification', 'dayOfWeek': ['Monday', 'Tuesday', 'Wednesday', 'Thursday', 'Friday'], 'opens': '10:0', 'closes': '19:0'}, {'@type': 'OpeningHoursSpecification', 'dayOfWeek': 'Saturday', 'opens': '10:0', 'closes': '15:0'}]","{'@type': 'PostalAddress', 'addressLocality': 'Lithia Springs', 'addressRegion': 'GA', 'postalCode': '30122', 'addressCountry': 'US', 'streetAddress': '1104 Thorton Rd'}","{'@type': 'GeoCoordinates', 'latitude': 33.7723566, 'longitude': -84.60195329999999}","{'@type': 'AggregateRating', 'ratingValue': 4.2, 'reviewCount': '36'}"
April's Place (Lee Rd),https://www.ubereats.com/atlanta/food-delivery/aprils-place-lee-rd/sf_FMKx-SYWBGBd_EufGPw,douglasville-georgia,"['Soul Food', 'Comfort Food', 'BBQ', 'American']",3.8,182,$$,33.7799371,-84.6067511,+17708205007,30122,904 Thornton Rd,Lithia Springs,GA,"[{'@type': 'OpeningHoursSpecification', 'dayOfWeek': 'Sunday', 'opens': '12:0', 'closes': '18:0'}, {'@type': 'OpeningHoursSpecification', 'dayOfWeek': ['Tuesday', 'Wednesday', 'Thursday', 'Friday'], 'opens': '11:0', 'closes': '20:0'}]","{'@type': 'PostalAddress', 'addressLocality': 'Lithia Springs', 'addressRegion': 'GA', 'postalCode': '30122', 'addressCountry': 'US', 'streetAddress': '904 Thornton Rd'}","{'@type': 'GeoCoordinates', 'latitude': 33.7799371, 'longitude': -84.6067511}","{'@type': 'AggregateRating', 'ratingValue': 3.8, 'reviewCount': '182'}"
Subway (4400 Brownsville Rd),https://www.ubereats.com/atlanta/food-delivery/subway-4400-brownsville-rd/QFnZRTJASimbYBIUUc-hjA,douglasville-georgia,"['Fast Food', 'Sandwich', 'American']",4.4,22,$,33.8460219,-84.6990946,+16786538598,30127,4400 Brownsville Rd,Powder Springs,GA,"[{'@type': 'OpeningHoursSpecification', 'dayOfWeek': ['Monday', 'Tuesday', 'Wednesday', 'Thursday', 'Friday', 'Saturday', 'Sunday'], 'opens': '11:0', 'closes': '20:30'}]","{'@type': 'PostalAddress', 'addressLocality': 'Powder Springs', 'addressRegion': 'GA', 'postalCode': '30127', 'addressCountry': 'US', 'streetAddress': '4400 Brownsville Rd'}","{'@type': 'GeoCoordinates', 'latitude': 33.8460219, 'longitude': -84.6990946}","{'@type': 'AggregateRating', 'ratingValue': 4.4, 'reviewCount': '22'}"
KFC (Highway 5),https://www.ubereats.com/atlanta/food-delivery/kfc-highway-5/3tQecYtQQc2rgNlgZkKZkA,douglasville-georgia,"['American', 'Fast Food', 'wings']",3.6,53,$,33.721387,-84.7644747,+17709491440,30135,9601 GA-5,Douglasville,GA,"[{'@type': 'OpeningHoursSpecification', 'dayOfWeek': ['Monday', 'Tuesday', 'Wednesday', 'Thursday', 'Friday', 'Saturday', 'Sunday'], 'opens': '10:30', 'closes': '22:0'}]","{'@type': 'PostalAddress', 'addressLocality': 'Douglasville', 'addressRegion': 'GA', 'postalCode': '30135', 'addressCountry': 'US', 'streetAddress': '9601 GA-5'}","{'@type': 'GeoCoordinates', 'latitude': 33.721387, 'longitude': -84.7644747}","{'@type': 'AggregateRating', 'ratingValue': 3.6, 'reviewCount': '53'}"
Chick-fil-A  (210 Arbor Place Mall),https://www.ubereats.com/atlanta/food-delivery/chick-fil-a-210-arbor-place-mall/-QA5UNVLSfqBR0Y-v8E4ow,douglasville-georgia,"['American', 'Fried Chicken', 'Family Meals']",4.5,15,$,33.7277049,-84.7457428,+16788389551,30135,210 Arbor Place Mall,Douglasville,GA,"[{'@type': 'OpeningHoursSpecification', 'dayOfWeek': ['Monday', 'Tuesday', 'Wednesday', 'Thursday', 'Friday', 'Saturday'], 'opens': '11:0', 'closes': '18:30'}]","{'@type': 'PostalAddress', 'addressLocality': 'Douglasville', 'addressRegion': 'GA', 'postalCode': '30135', 'addressCountry': 'US', 'streetAddress': '210 Arbor Place Mall'}","{'@type': 'GeoCoordinates', 'latitude': 33.7277049, 'longitude': -84.7457428}","{'@type': 'AggregateRating', 'ratingValue': 4.5, 'reviewCount': '15'}"
"Grill IT Hotdogs, Burgers and More",https://www.ubereats.com/atlanta/food-delivery/grill-it-hotdogs-burgers-and-more/xel-qMW-Td2GBIAHy_QXnQ,douglasville-georgia,"['Burgers', 'American', 'Sandwiches']",4.2,41,$,33.7654111,-84.7202502,+14045533574,30134,1516 Municipal Pkwy,Douglasville,GA,"[{'@type': 'OpeningHoursSpecification', 'dayOfWeek': ['Monday', 'Tuesday', 'Wednesday', 'Thursday', 'Friday', 'Saturday', 'Sunday'], 'opens': '11:0', 'closes': '15:0'}, {'@type': 'OpeningHoursSpecification', 'dayOfWeek': ['Monday', 'Tuesday', 'Wednesday', 'Thursday', 'Friday', 'Saturday', 'Sunday'], 'opens': '11:0', 'closes': '4:0'}]","{'@type': 'PostalAddress', 'addressLocality': 'Douglasville', 'addressRegion': 'GA', 'postalCode': '30134', 'addressCountry': 'US', 'streetAddress': '1516 Municipal Pkwy'}","{'@type': 'GeoCoordinates', 'latitude': 33.7654111, 'longitude': -84.7202502}","{'@type': 'AggregateRating', 'ratingValue': 4.2, 'reviewCount': '41'}"
Oriental Cafe,https://www.ubereats.com/atlanta/food-delivery/oriental-cafe/e4Vmxd2sTK2_5RqGvsHCig,douglasville-georgia,"['Asian', 'Japanese', 'Chinese', 'Sushi']",4.2,80,$$,33.8670546,-84.62741690000001,+17704396688,30106,2860 E West Connector,Austell,GA,"[{'@type': 'OpeningHoursSpecification', 'dayOfWeek': 'Sunday', 'opens': '10:30', 'closes': '22:0'}, {'@type': 'OpeningHoursSpecification', 'dayOfWeek': 'Sunday', 'opens': '10:30', 'closes': '22:0'}, {'@type': 'OpeningHoursSpecification', 'dayOfWeek': 'Sunday', 'opens': '10:30', 'closes': '22:0'}, {'@type': 'OpeningHoursSpecification', 'dayOfWeek': ['Monday', 'Tuesday', 'Wednesday', 'Thursday'], 'opens': '10:30', 'closes': '22:0'}, {'@type': 'OpeningHoursSpecification', 'dayOfWeek': ['Monday', 'Tuesday', 'Wednesday', 'Thursday'], 'opens': '10:30', 'closes': '22:0'}, {'@type': 'OpeningHoursSpecification', 'dayOfWeek': ['Monday', 'Tuesday', 'Wednesday', 'Thursday'], 'opens': '10:30', 'closes': '15:0'}, {'@type': 'OpeningHoursSpecification', 'dayOfWeek': ['Monday', 'Tuesday', 'Wednesday', 'Thursday'], 'opens': '10:30', 'closes': '22:0'}, {'@type': 'OpeningHoursSpecification', 'dayOfWeek': 'Friday', 'opens': '10:30', 'closes': '22:30'}, {'@type': 'OpeningHoursSpecification', 'dayOfWeek': 'Friday', 'opens': '10:30', 'closes': '22:30'}, {'@type': 'OpeningHoursSpecification', 'dayOfWeek': 'Friday', 'opens': '10:30', 'closes': '15:0'}, {'@type': 'OpeningHoursSpecification', 'dayOfWeek': 'Friday', 'opens': '10:30', 'closes': '22:30'}, {'@type': 'OpeningHoursSpecification', 'dayOfWeek': 'Saturday', 'opens': '10:30', 'closes': '22:30'}, {'@type': 'OpeningHoursSpecification', 'dayOfWeek': 'Saturday', 'opens': '10:30', 'closes': '22:30'}, {'@type': 'OpeningHoursSpecification', 'dayOfWeek': 'Saturday', 'opens': '10:30', 'closes': '22:30'}]","{'@type': 'PostalAddress', 'addressLocality': 'Austell', 'addressRegion': 'GA', 'postalCode': '30106', 'addressCountry': 'US', 'streetAddress': '2860 E West Connector'}","{'@type': 'GeoCoordinates', 'latitude': 33.8670546, 'longitude': -84.62741690000001}","{'@type': 'AggregateRating', 'ratingValue': 4.2, 'reviewCount': '80'}"
Checkers (6033 Fairburn Rd),https://www.ubereats.com/atlanta/food-delivery/checkers-6033-fairburn-rd/yWZ38gruS4e8UhT0rRs7GQ,douglasville-georgia,"['American', 'burger']",4.1,100,$,33.7514933,-84.73044410000001,+17709479646,30134,6033 Fairburn Rd,Douglasville,GA,"[{'@type': 'OpeningHoursSpecification', 'dayOfWeek': ['Monday', 'Tuesday', 'Wednesday', 'Thursday', 'Friday', 'Saturday', 'Sunday'], 'opens': '10:0', 'closes': '23:29'}]","{'@type': 'PostalAddress', 'addressLocality': 'Douglasville', 'addressRegion': 'GA', 'postalCode': '30134', 'addressCountry': 'US', 'streetAddress': '6033 Fairburn Rd'}","{'@type': 'GeoCoordinates', 'latitude': 33.7514933, 'longitude': -84.73044410000001}","{'@type': 'AggregateRating', 'ratingValue': 4.1, 'reviewCount': '100'}"
Ruby Tuesday (642 Thornton Road),https://www.ubereats.com/atlanta/food-delivery/ruby-tuesday-642-thornton-road/kr9LmkdlTHK8wkPWd4hEOA,douglasville-georgia,"['Burgers', 'American', 'Sandwiches', 'Family Meals']",3.6,50,$,33.7884743,-84.61933619999999,+17709483707,30122,642 Thornton Rd,Lithia Springs,GA,"[{'@type': 'OpeningHoursSpecification', 'dayOfWeek': 'Sunday', 'opens': '11:0', 'closes': '21:0'}, {'@type': 'OpeningHoursSpecification', 'dayOfWeek': ['Monday', 'Tuesday', 'Wednesday', 'Thursday'], 'opens': '15:0', 'closes': '22:0'}, {'@type': 'OpeningHoursSpecification', 'dayOfWeek': 'Friday', 'opens': '15:0', 'closes': '23:0'}, {'@type': 'OpeningHoursSpecification', 'dayOfWeek': 'Saturday', 'opens': '11:0', 'closes': '23:0'}]","{'@type': 'PostalAddress', 'addressLocality': 'Lithia Springs', 'addressRegion': 'GA', 'postalCode': '30122', 'addressCountry': 'US', 'streetAddress': '642 Thornton Rd'}","{'@type': 'GeoCoordinates', 'latitude': 33.7884743, 'longitude': -84.61933619999999}","{'@type': 'AggregateRating', 'ratingValue': 3.6, 'reviewCount': '50'}"
Panera (2868 Chapel Hill Rd),https://www.ubereats.com/atlanta/food-delivery/panera-2868-chapel-hill-rd/O5fXCcFxSaCqIzpDRZWpfQ,douglasville-georgia,"['Breakfast and Brunch', 'salad', 'Sandwich']",4.6,29,$,33.7272567,-84.73596049999999,+16789813989,30135,2868 Chapel Hill Rd,Douglasville,GA,"[{'@type': 'OpeningHoursSpecification', 'dayOfWeek': ['Monday', 'Tuesday', 'Wednesday', 'Thursday', 'Friday', 'Saturday', 'Sunday'], 'opens': '8:0', 'closes': '20:30'}]","{'@type': 'PostalAddress', 'addressLocality': 'Douglasville', 'addressRegion': 'GA', 'postalCode': '30135', 'addressCountry': 'US', 'streetAddress': '2868 Chapel Hill Rd'}","{'@type': 'GeoCoordinates', 'latitude': 33.7272567, 'longitude': -84.73596049999999}","{'@type': 'AggregateRating', 'ratingValue': 4.6, 'reviewCount': '29'}"
Papa John's (2725 Lee Road Suite B-5),https://www.ubereats.com/atlanta/food-delivery/papa-johns-2725-lee-road-suite-b-5/d8y7kRHuR7KWSUszZcosDg,douglasville-georgia,"['PIzza', 'Pasta', 'Burgers']",4.1,45,$$,33.7348315,-84.6692331,+17709470011,30122,2725 Lee Road,Lithia Springs,GA,"[{'@type': 'OpeningHoursSpecification', 'dayOfWeek': ['Sunday', 'Monday', 'Tuesday', 'Wednesday', 'Thursday'], 'opens': '10:0', 'closes': '22:25'}, {'@type': 'OpeningHoursSpecification', 'dayOfWeek': ['Friday', 'Saturday'], 'opens': '10:0', 'closes': '23:25'}]","{'@type': 'PostalAddress', 'addressLocality': 'Lithia Springs', 'addressRegion': 'GA', 'postalCode': '30122', 'addressCountry': 'US', 'streetAddress': '2725 Lee Road'}","{'@type': 'GeoCoordinates', 'latitude': 33.7348315, 'longitude': -84.6692331}","{'@type': 'AggregateRating', 'ratingValue': 4.1, 'reviewCount': '45'}"
McAlister's (5608 Wendy Bagwell Parkway),https://www.ubereats.com/atlanta/food-delivery/mcalisters-5608-wendy-bagwell-parkway/NIv1AyVpS3aFHAOvoz1zKw,douglasville-georgia,"['Deli', 'Sandwich', 'Kids Friendly', 'Family Meals']",4.4,149,$$,33.8851884,-84.7356042,+16784016542,30141,5608 Wendy Bagwell Parkway,Hiram,GA,"[{'@type': 'OpeningHoursSpecification', 'dayOfWeek': ['Monday', 'Tuesday', 'Wednesday', 'Thursday', 'Friday', 'Saturday', 'Sunday'], 'opens': '10:30', 'closes': '19:10'}]","{'@type': 'PostalAddress', 'addressLocality': 'Hiram', 'addressRegion': 'GA', 'postalCode': '30141', 'addressCountry': 'US', 'streetAddress': '5608 Wendy Bagwell Parkway'}","{'@type': 'GeoCoordinates', 'latitude': 33.8851884, 'longitude': -84.7356042}","{'@type': 'AggregateRating', 'ratingValue': 4.4, 'reviewCount': '149'}"
McDonald's® (6072 FAIRBURN RD),https://www.ubereats.com/atlanta/food-delivery/mcdonalds-6072-fairburn-rd/t0eV1gP1SgabueAaWLHRxQ,douglasville-georgia,"['American', 'Burgers', 'Fast Food']",3.8,63,$,33.750688,-84.731284,+17709425953,30134-2373,6072 FAIRBURN RD,DOUGLASVILLE,GA,"[{'@type': 'OpeningHoursSpecification', 'dayOfWeek': 'Sunday', 'opens': '4:0', 'closes': '10:59'}, {'@type': 'OpeningHoursSpecification', 'dayOfWeek': 'Sunday', 'opens': '11:0', 'closes': '16:59'}, {'@type': 'OpeningHoursSpecification', 'dayOfWeek': 'Sunday', 'opens': '17:0', 'closes': '3:59'}, {'@type': 'OpeningHoursSpecification', 'dayOfWeek': ['Monday', 'Tuesday', 'Wednesday', 'Thursday', 'Friday'], 'opens': '4:0', 'closes': '10:29'}, {'@type': 'OpeningHoursSpecification', 'dayOfWeek': ['Monday', 'Tuesday', 'Wednesday', 'Thursday', 'Friday'], 'opens': '10:30', 'closes': '16:59'}, {'@type': 'OpeningHoursSpecification', 'dayOfWeek': ['Monday', 'Tuesday', 'Wednesday', 'Thursday', 'Friday'], 'opens': '17:0', 'closes': '3:59'}, {'@type': 'OpeningHoursSpecification', 'dayOfWeek': 'Saturday', 'opens': '4:0', 'closes': '10:59'}, {'@type': 'OpeningHoursSpecification', 'dayOfWeek': 'Saturday', 'opens': '11:0', 'closes': '16:59'}, {'@type': 'OpeningHoursSpecification', 'dayOfWeek': 'Saturday', 'opens': '17:0', 'closes': '3:59'}]","{'@type': 'PostalAddress', 'addressLocality': 'DOUGLASVILLE', 'addressRegion': 'GA', 'postalCode': '30134-2373', 'addressCountry': 'US', 'streetAddress': '6072 FAIRBURN RD'}","{'@type': 'GeoCoordinates', 'latitude': 33.750688, 'longitude': -84.731284}","{'@type': 'AggregateRating', 'ratingValue': 3.8, 'reviewCount': '63'}"
Outback Steakhouse (6331 Douglasville Boulevard),https://www.ubereats.com/atlanta/food-delivery/outback-steakhouse-6331-douglasville-boulevard/Dt-RGNS9QwqJHcjksf48qw,douglasville-georgia,"['American', 'Steak', 'Burgers', 'Seafood', 'Salads', 'BBQ']",4.3,54,$,33.7308433,-84.7385347,+17709497000,30135,6331,Douglasville,GA,"[{'@type': 'OpeningHoursSpecification', 'dayOfWeek': 'Sunday', 'opens': '11:0', 'closes': '20:30'}, {'@type': 'OpeningHoursSpecification', 'dayOfWeek': ['Monday', 'Tuesday', 'Wednesday', 'Thursday'], 'opens': '11:0', 'closes': '21:30'}, {'@type': 'OpeningHoursSpecification', 'dayOfWeek': ['Friday', 'Saturday'], 'opens': '11:0', 'closes': '22:30'}]","{'@type': 'PostalAddress', 'addressLocality': 'Douglasville', 'addressRegion': 'GA', 'postalCode': '30135', 'addressCountry': 'US', 'streetAddress': '6331'}","{'@type': 'GeoCoordinates', 'latitude': 33.7308433, 'longitude': -84.7385347}","{'@type': 'AggregateRating', 'ratingValue': 4.3, 'reviewCount': '54'}"
Firehouse Subs (Lithia Springs),https://www.ubereats.com/atlanta/food-delivery/firehouse-subs-lithia-springs/iGluLN-ZTXOvNwgQOULihQ,douglasville-georgia,"['Sandwich', 'Salads', 'Deli']",4.5,306,$,33.786707,-84.618539,+17704854552,30122,1300 W Corporate Ct,Lithia Springs,GA,"[{'@type': 'OpeningHoursSpecification', 'dayOfWeek': ['Monday', 'Tuesday', 'Wednesday', 'Thursday', 'Friday', 'Saturday', 'Sunday'], 'opens': '10:30', 'closes': '20:30'}]","{'@type': 'PostalAddress', 'addressLocality': 'Lithia Springs', 'addressRegion': 'GA', 'postalCode': '30122', 'addressCountry': 'US', 'streetAddress': '1300 W Corporate Ct'}","{'@type': 'GeoCoordinates', 'latitude': 33.786707, 'longitude': -84.618539}","{'@type': 'AggregateRating', 'ratingValue': 4.5, 'reviewCount': '306'}"
Dairy Queen Grill & Chill (5815 Stewart Pkwy),https://www.ubereats.com/atlanta/food-delivery/dairy-queen-grill-%26-chill-5815-stewart-pkwy/jfE053R2Q3i1qEKa5v6tPg,douglasville-georgia,"['American', 'Fast Food', 'Ice Cream & Frozen Yogurt']",,,$,33.7183335,-84.76646029999999,+17709496761,30135,5815 Stewart Pkwy,Douglasville,GA,"[{'@type': 'OpeningHoursSpecification', 'dayOfWeek': ['Monday', 'Tuesday', 'Wednesday', 'Thursday', 'Friday', 'Saturday', 'Sunday'], 'opens': '10:0', 'closes': '22:0'}]","{'@type': 'PostalAddress', 'addressLocality': 'Douglasville', 'addressRegion': 'GA', 'postalCode': '30135', 'addressCountry': 'US', 'streetAddress': '5815 Stewart Pkwy'}","{'@type': 'GeoCoordinates', 'latitude': 33.7183335, 'longitude': -84.76646029999999}",{}
Buffalo Wild Wings (5000 Jimmy Lee Smith Pkwy),https://www.ubereats.com/atlanta/food-delivery/buffalo-wild-wings-5000-jimmy-lee-smith-pkwy/wxgmnAzjQyOSR7R6q_u91A,douglasville-georgia,"['wings', 'Burgers', 'Sandwich']",4.3,115,$$,33.8880264,-84.7458795,+17704393744,30141,5000 Jimmy Lee Smith Pkwy,Hiram,GA,"[{'@type': 'OpeningHoursSpecification', 'dayOfWeek': 'Sunday', 'opens': '11:0', 'closes': '23:0'}, {'@type': 'OpeningHoursSpecification', 'dayOfWeek': 'Sunday', 'opens': '0:0', 'closes': '0:0'}, {'@type': 'OpeningHoursSpecification', 'dayOfWeek': ['Monday', 'Tuesday', 'Wednesday', 'Thursday'], 'opens': '11:0', 'closes': '23:0'}, {'@type': 'OpeningHoursSpecification', 'dayOfWeek': 'Friday', 'opens': '11:0', 'closes': '23:59'}, {'@type': 'OpeningHoursSpecification', 'dayOfWeek': 'Saturday', 'opens': '0:0', 'closes': '0:0'}, {'@type': 'OpeningHoursSpecification', 'dayOfWeek': 'Saturday', 'opens': '11:0', 'closes': '23:59'}]","{'@type': 'PostalAddress', 'addressLocality': 'Hiram', 'addressRegion': 'GA', 'postalCode': '30141', 'addressCountry': 'US', 'streetAddress': '5000 Jimmy Lee Smith Pkwy'}","{'@type': 'GeoCoordinates', 'latitude': 33.8880264, 'longitude': -84.7458795}","{'@type': 'AggregateRating', 'ratingValue': 4.3, 'reviewCount': '115'}"
O'Charley's (9320 The Landing Dr),https://www.ubereats.com/atlanta/food-delivery/ocharleys-9320-the-landing-dr/GvJkfYa5RE6qIEoWXS2M2g,douglasville-georgia,"['American', 'Family Meals']",4.1,163,$$,33.7297949,-84.7384531,+17709204646,30135,9320 The Landing Dr,Douglasville,GA,"[{'@type': 'OpeningHoursSpecification', 'dayOfWeek': 'Sunday', 'opens': '11:0', 'closes': '21:0'}, {'@type': 'OpeningHoursSpecification', 'dayOfWeek': 'Sunday', 'opens': '14:0', 'closes': '21:0'}, {'@type': 'OpeningHoursSpecification', 'dayOfWeek': ['Monday', 'Tuesday', 'Wednesday', 'Thursday', 'Friday', 'Saturday'], 'opens': '11:0', 'closes': '21:0'}, {'@type': 'OpeningHoursSpecification', 'dayOfWeek': ['Monday', 'Tuesday', 'Wednesday', 'Thursday', 'Friday', 'Saturday'], 'opens': '11:0', 'closes': '21:0'}]","{'@type': 'PostalAddress', 'addressLocality': 'Douglasville', 'addressRegion': 'GA', 'postalCode': '30135', 'addressCountry': 'US', 'streetAddress': '9320 The Landing Dr'}","{'@type': 'GeoCoordinates', 'latitude': 33.7297949, 'longitude': -84.7384531}","{'@type': 'AggregateRating', 'ratingValue': 4.1, 'reviewCount': '163'}"
Touchdown Wings (Austell),https://www.ubereats.com/atlanta/food-delivery/touchdown-wings-austell/T2VeRkznTOOxSqPu6mL3eA,douglasville-georgia,"['Wings', 'American', 'Fast Food']",4.4,141,$,33.7974087,-84.6412295,+16784021463,30168,3040 Bankhead Hwy,Austell,GA,"[{'@type': 'OpeningHoursSpecification', 'dayOfWeek': 'Sunday', 'opens': '12:0', 'closes': '20:0'}, {'@type': 'OpeningHoursSpecification', 'dayOfWeek': ['Monday', 'Tuesday', 'Wednesday', 'Thursday'], 'opens': '11:0', 'closes': '20:30'}, {'@type': 'OpeningHoursSpecification', 'dayOfWeek': ['Friday', 'Saturday'], 'opens': '11:0', 'closes': '21:30'}]","{'@type': 'PostalAddress', 'addressLocality': 'Austell', 'addressRegion': 'GA', 'postalCode': '30168', 'addressCountry': 'US', 'streetAddress': '3040 Bankhead Hwy'}","{'@type': 'GeoCoordinates', 'latitude': 33.7974087, 'longitude': -84.6412295}","{'@type': 'AggregateRating', 'ratingValue': 4.4, 'reviewCount': '141'}"
Taco Bell (987 Thornton Rd),https://www.ubereats.com/atlanta/food-delivery/taco-bell-987-thornton-rd/wrlUV306SziEokiGsWf2wQ,douglasville-georgia,"['Burritos', 'Fast Food', 'Mexican']",2.9,11,$,33.7788797,-84.6073332,+17707398676,30122,987 Thornton Rd,Lithia Springs,GA,"[{'@type': 'OpeningHoursSpecification', 'dayOfWeek': ['Monday', 'Tuesday', 'Wednesday', 'Thursday', 'Friday', 'Saturday', 'Sunday'], 'opens': '14:0', 'closes': '17:0'}, {'@type': 'OpeningHoursSpecification', 'dayOfWeek': ['Monday', 'Tuesday', 'Wednesday', 'Thursday', 'Friday', 'Saturday', 'Sunday'], 'opens': '9:0', 'closes': '2:30'}, {'@type': 'OpeningHoursSpecification', 'dayOfWeek': ['Monday', 'Tuesday', 'Wednesday', 'Thursday', 'Friday', 'Saturday', 'Sunday'], 'opens': '7:0', 'closes': '10:30'}]","{'@type': 'PostalAddress', 'addressLocality': 'Lithia Springs', 'addressRegion': 'GA', 'postalCode': '30122', 'addressCountry': 'US', 'streetAddress': '987 Thornton Rd'}","{'@type': 'GeoCoordinates', 'latitude': 33.7788797, 'longitude': -84.6073332}","{'@type': 'AggregateRating', 'ratingValue': 2.9, 'reviewCount': '11'}"
WnB Factory (Mableton),https://www.ubereats.com/atlanta/food-delivery/wnb-factory-mableton/B5d5ajVgQvm0_KXW64WI_g,douglasville-georgia,"['Burgers', 'American', 'Sandwiches', 'Wings', 'Family Meals']",4.5,133,$,33.8359005,-84.5752294,+17705687100,30126,"4875 Floyd Rd SW, 103",Mableton,GA,"[{'@type': 'OpeningHoursSpecification', 'dayOfWeek': ['Monday', 'Tuesday', 'Wednesday', 'Thursday', 'Friday', 'Saturday'], 'opens': '11:0', 'closes': '18:0'}]","{'@type': 'PostalAddress', 'addressLocality': 'Mableton', 'addressRegion': 'GA', 'postalCode': '30126', 'addressCountry': 'US', 'streetAddress': '4875 Floyd Rd SW, 103'}","{'@type': 'GeoCoordinates', 'latitude': 33.8359005, 'longitude': -84.5752294}","{'@type': 'AggregateRating', 'ratingValue': 4.5, 'reviewCount': '133'}"
Moe's Southwest Grill (894 Thornton Road),https://www.ubereats.com/atlanta/food-delivery/moes-southwest-grill-894-thornton-road/IzEaU9guT9epVdl7KDRdzQ,douglasville-georgia,"['Mexican', 'Fast Food', 'Tex Mex']",4.3,194,$,33.7802965,-84.60706330000001,+16785938477,30122,894 Thornton Road,Lithia Springs,GA,"[{'@type': 'OpeningHoursSpecification', 'dayOfWeek': ['Monday', 'Tuesday', 'Wednesday', 'Thursday', 'Friday', 'Saturday', 'Sunday'], 'opens': '10:30', 'closes': '20:30'}]","{'@type': 'PostalAddress', 'addressLocality': 'Lithia Springs', 'addressRegion': 'GA', 'postalCode': '30122', 'addressCountry': 'US', 'streetAddress': '894 Thornton Road'}","{'@type': 'GeoCoordinates', 'latitude': 33.7802965, 'longitude': -84.60706330000001}","{'@type': 'AggregateRating', 'ratingValue': 4.3, 'reviewCount': '194'}"
Johnny's  Pizza (2911 Chapel Road ),https://www.ubereats.com/atlanta/food-delivery/johnnys-pizza-2911-chapel-road/bHE3uTvOQGmwLy5gLWKnMA,douglasville-georgia,"['Pizza', 'Kids Friendly', 'Salads']",4.3,79,$$,33.7261684,-84.7366385,+16782148486,30135,2911 Chapel Road,Douglasville,GA,"[{'@type': 'OpeningHoursSpecification', 'dayOfWeek': 'Sunday', 'opens': '11:0', 'closes': '22:0'}, {'@type': 'OpeningHoursSpecification', 'dayOfWeek': 'Sunday', 'opens': '11:0', 'closes': '22:0'}, {'@type': 'OpeningHoursSpecification', 'dayOfWeek': 'Sunday', 'opens': '12:0', 'closes': '22:0'}, {'@type': 'OpeningHoursSpecification', 'dayOfWeek': 'Monday', 'opens': '11:0', 'closes': '22:0'}, {'@type': 'OpeningHoursSpecification', 'dayOfWeek': 'Monday', 'opens': '11:0', 'closes': '22:0'}, {'@type': 'OpeningHoursSpecification', 'dayOfWeek': ['Tuesday', 'Wednesday', 'Thursday'], 'opens': '11:0', 'closes': '22:0'}, {'@type': 'OpeningHoursSpecification', 'dayOfWeek': ['Tuesday', 'Wednesday', 'Thursday'], 'opens': '11:0', 'closes': '22:0'}, {'@type': 'OpeningHoursSpecification', 'dayOfWeek': ['Tuesday', 'Wednesday', 'Thursday'], 'opens': '11:0', 'closes': '22:0'}, {'@type': 'OpeningHoursSpecification', 'dayOfWeek': ['Friday', 'Saturday'], 'opens': '11:0', 'closes': '23:0'}, {'@type': 'OpeningHoursSpecification', 'dayOfWeek': ['Friday', 'Saturday'], 'opens': '11:0', 'closes': '23:0'}, {'@type': 'OpeningHoursSpecification', 'dayOfWeek': ['Friday', 'Saturday'], 'opens': '11:0', 'closes': '23:0'}]","{'@type': 'PostalAddress', 'addressLocality': 'Douglasville', 'addressRegion': 'GA', 'postalCode': '30135', 'addressCountry': 'US', 'streetAddress': '2911 Chapel Road'}","{'@type': 'GeoCoordinates', 'latitude': 33.7261684, 'longitude': -84.7366385}","{'@type': 'AggregateRating', 'ratingValue': 4.3, 'reviewCount': '79'}"
Moe's Southwest Grill (4910 Jimmy Lee Smith Pkwy),https://www.ubereats.com/atlanta/food-delivery/moes-southwest-grill-4910-jimmy-lee-smith-pkwy/9zuIWoFYQ9Om-wC_1IO0dA,douglasville-georgia,"['Mexican', 'Fast Food', 'Family Meals']",4.5,158,$,33.8882926,-84.7466014,+17704395356,30141,4910 Jimmy Lee Smith Pkwy,Hiram,GA,"[{'@type': 'OpeningHoursSpecification', 'dayOfWeek': ['Sunday', 'Monday', 'Tuesday', 'Wednesday', 'Thursday'], 'opens': '11:0', 'closes': '21:0'}, {'@type': 'OpeningHoursSpecification', 'dayOfWeek': ['Friday', 'Saturday'], 'opens': '11:0', 'closes': '22:0'}]","{'@type': 'PostalAddress', 'addressLocality': 'Hiram', 'addressRegion': 'GA', 'postalCode': '30141', 'addressCountry': 'US', 'streetAddress': '4910 Jimmy Lee Smith Pkwy'}","{'@type': 'GeoCoordinates', 'latitude': 33.8882926, 'longitude': -84.7466014}","{'@type': 'AggregateRating', 'ratingValue': 4.5, 'reviewCount': '158'}"
Jeff’s Buffet & Catering (White Rd),https://www.ubereats.com/atlanta/food-delivery/jeffs-buffet-%26-catering-white-rd/mTwiZNuDSaKg5aik6AWblQ,douglasville-georgia,"['American', 'Chicken', 'Steak']",,,$,33.7635739,-84.5812126,+17707391986,30168,7894 White Rd,Austell,GA,"[{'@type': 'OpeningHoursSpecification', 'dayOfWeek': ['Monday', 'Tuesday', 'Wednesday', 'Thursday', 'Friday'], 'opens': '11:0', 'closes': '14:0'}]","{'@type': 'PostalAddress', 'addressLocality': 'Austell', 'addressRegion': 'GA', 'postalCode': '30168', 'addressCountry': 'US', 'streetAddress': '7894 White Rd'}","{'@type': 'GeoCoordinates', 'latitude': 33.7635739, 'longitude': -84.5812126}",{}
The Vine Cafe and Market,https://www.ubereats.com/atlanta/food-delivery/the-vine-cafe-and-market/DfkkpcFaR6Wrif5pv7U28g,douglasville-georgia,"['Burgers', 'American', 'Sandwiches']",4.3,10,$,33.7510813,-84.7485201,+14697668725,30134,12375 E Veterans Memorial Hwy,Douglasville,GA,"[{'@type': 'OpeningHoursSpecification', 'dayOfWeek': ['Tuesday', 'Wednesday', 'Thursday', 'Friday'], 'opens': '11:0', 'closes': '20:0'}, {'@type': 'OpeningHoursSpecification', 'dayOfWeek': 'Saturday', 'opens': '11:0', 'closes': '20:0'}, {'@type': 'OpeningHoursSpecification', 'dayOfWeek': 'Saturday', 'opens': '11:0', 'closes': '16:0'}]","{'@type': 'PostalAddress', 'addressLocality': 'Douglasville', 'addressRegion': 'GA', 'postalCode': '30134', 'addressCountry': 'US', 'streetAddress': '12375 E Veterans Memorial Hwy'}","{'@type': 'GeoCoordinates', 'latitude': 33.7510813, 'longitude': -84.7485201}","{'@type': 'AggregateRating', 'ratingValue': 4.3, 'reviewCount': '10'}"
Fuji sushi Japanese Restaurant,https://www.ubereats.com/atlanta/food-delivery/fuji-sushi-japanese-restaurant/D20W1cPoTAyJZ-8LyOHAbQ,douglasville-georgia,"['Sushi', 'Asian', 'Japanese']",4.5,57,$,33.8941553,-84.7591793,+16785672146,30101,4109 Jimmy Lee Smith Pkwy,Hiram,GA,"[{'@type': 'OpeningHoursSpecification', 'dayOfWeek': 'Sunday', 'opens': '11:30', 'closes': '20:0'}, {'@type': 'OpeningHoursSpecification', 'dayOfWeek': 'Sunday', 'opens': '11:30', 'closes': '15:0'}, {'@type': 'OpeningHoursSpecification', 'dayOfWeek': 'Monday', 'opens': '11:30', 'closes': '15:0'}, {'@type': 'OpeningHoursSpecification', 'dayOfWeek': ['Tuesday', 'Wednesday', 'Thursday'], 'opens': '11:30', 'closes': '20:0'}, {'@type': 'OpeningHoursSpecification', 'dayOfWeek': ['Tuesday', 'Wednesday', 'Thursday'], 'opens': '11:30', 'closes': '15:0'}, {'@type': 'OpeningHoursSpecification', 'dayOfWeek': ['Friday', 'Saturday'], 'opens': '11:30', 'closes': '15:0'}]","{'@type': 'PostalAddress', 'addressLocality': 'Hiram', 'addressRegion': 'GA', 'postalCode': '30101', 'addressCountry': 'US', 'streetAddress': '4109 Jimmy Lee Smith Pkwy'}","{'@type': 'GeoCoordinates', 'latitude': 33.8941553, 'longitude': -84.7591793}","{'@type': 'AggregateRating', 'ratingValue': 4.5, 'reviewCount': '57'}"
Zaxby's (Hwy 92),https://www.ubereats.com/atlanta/food-delivery/zaxbys-hwy-92/B3VJMkPwScG4aJHVUf0MNw,douglasville-georgia,"['American', 'Wings', 'Salads', 'Family Meals']",4.0,289,$,33.612227,-84.611364,+17709697172,30213,5350 GA-92,Fairburn,GA,"[{'@type': 'OpeningHoursSpecification', 'dayOfWeek': ['Monday', 'Tuesday', 'Wednesday', 'Thursday', 'Friday', 'Saturday', 'Sunday'], 'opens': '10:30', 'closes': '21:30'}]","{'@type': 'PostalAddress', 'addressLocality': 'Fairburn', 'addressRegion': 'GA', 'postalCode': '30213', 'addressCountry': 'US', 'streetAddress': '5350 GA-92'}","{'@type': 'GeoCoordinates', 'latitude': 33.612227, 'longitude': -84.611364}","{'@type': 'AggregateRating', 'ratingValue': 4, 'reviewCount': '289'}"
Burger King (7512 Lee Rd),https://www.ubereats.com/atlanta/food-delivery/burger-king-7512-lee-rd/otbW6zf4TImoPpXlYR_V7w,douglasville-georgia,"['American', 'burger', 'Fast Food']",,,$,33.77136759999999,-84.65263209999999,+16785402478,30122,7512 Lee Rd,Lithia Springs,GA,"[{'@type': 'OpeningHoursSpecification', 'dayOfWeek': 'Sunday', 'opens': '6:30', 'closes': '10:29'}, {'@type': 'OpeningHoursSpecification', 'dayOfWeek': 'Sunday', 'opens': '10:30', 'closes': '21:30'}, {'@type': 'OpeningHoursSpecification', 'dayOfWeek': ['Monday', 'Tuesday', 'Wednesday', 'Thursday', 'Friday', 'Saturday'], 'opens': '6:30', 'closes': '10:29'}, {'@type': 'OpeningHoursSpecification', 'dayOfWeek': ['Monday', 'Tuesday', 'Wednesday', 'Thursday', 'Friday', 'Saturday'], 'opens': '10:30', 'closes': '22:30'}]","{'@type': 'PostalAddress', 'addressLocality': 'Lithia Springs', 'addressRegion': 'GA', 'postalCode': '30122', 'addressCountry': 'US', 'streetAddress': '7512 Lee Rd'}","{'@type': 'GeoCoordinates', 'latitude': 33.77136759999999, 'longitude': -84.65263209999999}",{}
Dairy Queen - Treat (3913 Austell-Powder Sprin),https://www.ubereats.com/atlanta/food-delivery/dairy-queen-treat-3913-austell-powder-sprin/S7D4Q7L4S-i3Cykzgv6L1w,douglasville-georgia,"['American', 'Ice Cream & Frozen Yogurt', 'Kids Friendly']",4.9,24,$,33.8585384,-84.6720011,+17709436605,30127,3913 Austell-Powder Sprin,Powder Springs,GA,"[{'@type': 'OpeningHoursSpecification', 'dayOfWeek': ['Monday', 'Tuesday', 'Wednesday', 'Thursday', 'Friday', 'Saturday', 'Sunday'], 'opens': '12:0', 'closes': '20:30'}]","{'@type': 'PostalAddress', 'addressLocality': 'Powder Springs', 'addressRegion': 'GA', 'postalCode': '30127', 'addressCountry': 'US', 'streetAddress': '3913 Austell-Powder Sprin'}","{'@type': 'GeoCoordinates', 'latitude': 33.8585384, 'longitude': -84.6720011}","{'@type': 'AggregateRating', 'ratingValue': 4.9, 'reviewCount': '24'}"
Austell Seafood Market,https://www.ubereats.com/atlanta/food-delivery/austell-seafood-market/fSfOtUDeTs6_OAeElp4NWQ,douglasville-georgia,"['Seafood', 'Fish and Chips']",4.5,234,$$,33.862335,-84.595375,+17708010820,30008,3701 Austell Rd SW,Marietta,Georgia,"[{'@type': 'OpeningHoursSpecification', 'dayOfWeek': 'Sunday', 'opens': '12:0', 'closes': '19:30'}, {'@type': 'OpeningHoursSpecification', 'dayOfWeek': ['Monday', 'Tuesday', 'Wednesday', 'Thursday', 'Friday', 'Saturday'], 'opens': '11:0', 'closes': '20:30'}]","{'@type': 'PostalAddress', 'addressLocality': 'Marietta', 'addressRegion': 'Georgia', 'postalCode': '30008', 'addressCountry': 'US', 'streetAddress': '3701 Austell Rd SW'}","{'@type': 'GeoCoordinates', 'latitude': 33.862335, 'longitude': -84.595375}","{'@type': 'AggregateRating', 'ratingValue': 4.5, 'reviewCount': '234'}"
The Hall Lounge & Events,https://www.ubereats.com/atlanta/food-delivery/the-hall-lounge-%26-events/zs5U0L3xTF27cX6Syn06VQ,douglasville-georgia,"['Burgers', 'American', 'Breakfast and Brunch']",,,$,33.7961967,-84.61949279999999,+14073001914,30168,376 Maxham Rd F,Austell,GA,"[{'@type': 'OpeningHoursSpecification', 'dayOfWeek': ['Monday', 'Tuesday', 'Wednesday', 'Thursday', 'Friday'], 'opens': '10:0', 'closes': '19:30'}, {'@type': 'OpeningHoursSpecification', 'dayOfWeek': 'Saturday', 'opens': '10:0', 'closes': '21:0'}]","{'@type': 'PostalAddress', 'addressLocality': 'Austell', 'addressRegion': 'GA', 'postalCode': '30168', 'addressCountry': 'US', 'streetAddress': '376 Maxham Rd F'}","{'@type': 'GeoCoordinates', 'latitude': 33.7961967, 'longitude': -84.61949279999999}",{}
Irish Bred Pub (Broad St),https://www.ubereats.com/atlanta/food-delivery/irish-bred-pub-broad-st/qGlYzXkoSg2nB9wbHbnjBg,douglasville-georgia,"['European', 'Modern European', 'Sandwiches']",,,$,33.75100219999999,-84.7485707,+16783241913,30134,12377 Veterans Memorial Highway,Douglasville,GA,"[{'@type': 'OpeningHoursSpecification', 'dayOfWeek': 'Sunday', 'opens': '12:0', 'closes': '22:0'}, {'@type': 'OpeningHoursSpecification', 'dayOfWeek': 'Sunday', 'opens': '12:0', 'closes': '22:0'}, {'@type': 'OpeningHoursSpecification', 'dayOfWeek': ['Monday', 'Tuesday', 'Wednesday', 'Thursday', 'Friday', 'Saturday'], 'opens': '11:0', 'closes': '22:0'}, {'@type': 'OpeningHoursSpecification', 'dayOfWeek': ['Monday', 'Tuesday', 'Wednesday', 'Thursday', 'Friday', 'Saturday'], 'opens': '11:0', 'closes': '22:0'}]","{'@type': 'PostalAddress', 'addressLocality': 'Douglasville', 'addressRegion': 'GA', 'postalCode': '30134', 'addressCountry': 'US', 'streetAddress': '12377 Veterans Memorial Highway'}","{'@type': 'GeoCoordinates', 'latitude': 33.75100219999999, 'longitude': -84.7485707}",{}
Dickey's Barbecue Pit,https://www.ubereats.com/atlanta/food-delivery/dickeys-barbecue-pit/rKZmXwE_S6eoLbxq9Fxasw,douglasville-georgia,"['BBQ', 'American', 'Wings', 'Sandwich', 'Family Meals']",4.6,69,$$,33.71451,-84.76588,+16789199953,,3314 GA-5,Douglasville,Georgia,"[{'@type': 'OpeningHoursSpecification', 'dayOfWeek': ['Monday', 'Tuesday', 'Wednesday', 'Thursday', 'Friday', 'Saturday', 'Sunday'], 'opens': '11:0', 'closes': '21:0'}]","{'@type': 'PostalAddress', 'addressLocality': 'Douglasville', 'addressRegion': 'Georgia', 'postalCode': '', 'addressCountry': 'US', 'streetAddress': '3314 GA-5'}","{'@type': 'GeoCoordinates', 'latitude': 33.71451, 'longitude': -84.76588}","{'@type': 'AggregateRating', 'ratingValue': 4.6, 'reviewCount': '69'}"
Sweet Treat Bar,https://www.ubereats.com/atlanta/food-delivery/sweet-treat-bar/yIHv0cRjRtaJND2-xmCsqQ,douglasville-georgia,"['Desserts', 'Bakery', 'Cupcakes', 'Ice Cream and Frozen Yogurt']",,,$,33.72772449999999,-84.74608350000001,+16788514262,30135,6700 Douglas Blvd,Douglasville,GA,"[{'@type': 'OpeningHoursSpecification', 'dayOfWeek': 'Sunday', 'opens': '12:0', 'closes': '17:0'}, {'@type': 'OpeningHoursSpecification', 'dayOfWeek': 'Monday', 'opens': '0:0', 'closes': '20:0'}, {'@type': 'OpeningHoursSpecification', 'dayOfWeek': ['Tuesday', 'Wednesday', 'Thursday', 'Friday', 'Saturday'], 'opens': '10:0', 'closes': '20:0'}]","{'@type': 'PostalAddress', 'addressLocality': 'Douglasville', 'addressRegion': 'GA', 'postalCode': '30135', 'addressCountry': 'US', 'streetAddress': '6700 Douglas Blvd'}","{'@type': 'GeoCoordinates', 'latitude': 33.72772449999999, 'longitude': -84.74608350000001}",{}
Williamson Bros Burgers  (Douglasville),https://www.ubereats.com/atlanta/food-delivery/williamson-bros-burgers-douglasville/Chx-Ab1mQLy2qoQ4BOJxoA,douglasville-georgia,"['Burgers', 'American', 'Sandwiches']",,,$,33.7295391,-84.7590977,+17709495058,30134,7040 Concourse Pkwy,Douglasville,GA,"[{'@type': 'OpeningHoursSpecification', 'dayOfWeek': ['Sunday', 'Monday', 'Tuesday', 'Wednesday', 'Thursday'], 'opens': '10:45', 'closes': '20:30'}, {'@type': 'OpeningHoursSpecification', 'dayOfWeek': ['Friday', 'Saturday'], 'opens': '10:45', 'closes': '21:30'}]","{'@type': 'PostalAddress', 'addressLocality': 'Douglasville', 'addressRegion': 'GA', 'postalCode': '30134', 'addressCountry': 'US', 'streetAddress': '7040 Concourse Pkwy'}","{'@type': 'GeoCoordinates', 'latitude': 33.7295391, 'longitude': -84.7590977}",{}
Desi Date Nights ,https://www.ubereats.com/atlanta/food-delivery/desi-date-nights/Nz1hK6aMTwuH7BCmmrIJtQ,douglasville-georgia,"['African', 'Comfort Food']",,,$$,33.672869,-84.582883,+14703363434,30349,2700 Wolf Lake Dr SW,Atlanta,GA,"[{'@type': 'OpeningHoursSpecification', 'dayOfWeek': 'Monday', 'opens': '17:0', 'closes': '21:0'}, {'@type': 'OpeningHoursSpecification', 'dayOfWeek': 'Tuesday', 'opens': '17:0', 'closes': '21:0'}, {'@type': 'OpeningHoursSpecification', 'dayOfWeek': 'Tuesday', 'opens': '12:0', 'closes': '14:0'}, {'@type': 'OpeningHoursSpecification', 'dayOfWeek': 'Wednesday', 'opens': '17:0', 'closes': '21:0'}, {'@type': 'OpeningHoursSpecification', 'dayOfWeek': 'Wednesday', 'opens': '16:30', 'closes': '19:0'}, {'@type': 'OpeningHoursSpecification', 'dayOfWeek': ['Thursday', 'Friday'], 'opens': '17:0', 'closes': '21:0'}, {'@type': 'OpeningHoursSpecification', 'dayOfWeek': 'Saturday', 'opens': '17:30', 'closes': '22:0'}]","{'@type': 'PostalAddress', 'addressLocality': 'Atlanta', 'addressRegion': 'GA', 'postalCode': '30349', 'addressCountry': 'US', 'streetAddress': '2700 Wolf Lake Dr SW'}","{'@type': 'GeoCoordinates', 'latitude': 33.672869, 'longitude': -84.582883}",{}
Golden Krust Fairburn,https://www.ubereats.com/atlanta/food-delivery/golden-krust-fairburn/Ohm2dozdRvyPY-xZK0slEg,douglasville-georgia,"['Caribbean', 'Seafood', 'Latin American', 'Family Meals']",3.9,71,$,33.61220240000001,-84.6102804,+14048081197,,,,,"[{'@type': 'OpeningHoursSpecification', 'dayOfWeek': 'Sunday', 'opens': '12:0', 'closes': '18:15'}, {'@type': 'OpeningHoursSpecification', 'dayOfWeek': 'Sunday', 'opens': '11:15', 'closes': '13:0'}, {'@type': 'OpeningHoursSpecification', 'dayOfWeek': ['Monday', 'Tuesday'], 'opens': '12:0', 'closes': '15:0'}, {'@type': 'OpeningHoursSpecification', 'dayOfWeek': ['Monday', 'Tuesday'], 'opens': '12:0', 'closes': '18:15'}, {'@type': 'OpeningHoursSpecification', 'dayOfWeek': ['Wednesday', 'Thursday'], 'opens': '12:0', 'closes': '15:0'}, {'@type': 'OpeningHoursSpecification', 'dayOfWeek': ['Wednesday', 'Thursday'], 'opens': '12:0', 'closes': '20:15'}, {'@type': 'OpeningHoursSpecification', 'dayOfWeek': 'Friday', 'opens': '12:0', 'closes': '15:0'}, {'@type': 'OpeningHoursSpecification', 'dayOfWeek': 'Friday', 'opens': '12:0', 'closes': '20:15'}, {'@type': 'OpeningHoursSpecification', 'dayOfWeek': 'Friday', 'opens': '11:15', 'closes': '13:0'}, {'@type': 'OpeningHoursSpecification', 'dayOfWeek': 'Saturday', 'opens': '12:0', 'closes': '20:15'}, {'@type': 'OpeningHoursSpecification', 'dayOfWeek': 'Saturday', 'opens': '11:15', 'closes': '13:0'}]",,"{'@type': 'GeoCoordinates', 'latitude': 33.61220240000001, 'longitude': -84.6102804}","{'@type': 'AggregateRating', 'ratingValue': 3.9, 'reviewCount': '71'}"
Los Tacos (Douglasville),https://www.ubereats.com/atlanta/food-delivery/los-tacos-douglasville/Hh8eySUeSuigj5K-ThpN4A,douglasville-georgia,"['Mexican', 'Latin American', 'New Mexican']",4.4,49,$,33.750804,-84.7226994,+16787150200,30134,5778 Fairburn Rd,Douglasville,GA,"[{'@type': 'OpeningHoursSpecification', 'dayOfWeek': 'Sunday', 'opens': '9:45', 'closes': '20:45'}, {'@type': 'OpeningHoursSpecification', 'dayOfWeek': 'Monday', 'opens': '9:45', 'closes': '21:45'}, {'@type': 'OpeningHoursSpecification', 'dayOfWeek': ['Wednesday', 'Thursday', 'Friday', 'Saturday'], 'opens': '9:45', 'closes': '21:45'}]","{'@type': 'PostalAddress', 'addressLocality': 'Douglasville', 'addressRegion': 'GA', 'postalCode': '30134', 'addressCountry': 'US', 'streetAddress': '5778 Fairburn Rd'}","{'@type': 'GeoCoordinates', 'latitude': 33.750804, 'longitude': -84.7226994}","{'@type': 'AggregateRating', 'ratingValue': 4.4, 'reviewCount': '49'}"
Fin & Feather's Douglasville,https://www.ubereats.com/atlanta/food-delivery/fin-%26-feathers-douglasville/z_R-vX7QSQCEWywlVFR2ew,douglasville-georgia,"['Comfort Food', 'American', 'Burgers']",,,$,33.7253974,-84.76823449999999,+16786539291,30135,7430 Douglas Blvd,Douglasville,GA,"[{'@type': 'OpeningHoursSpecification', 'dayOfWeek': 'Sunday', 'opens': '16:0', 'closes': '22:0'}, {'@type': 'OpeningHoursSpecification', 'dayOfWeek': 'Sunday', 'opens': '10:0', 'closes': '15:0'}, {'@type': 'OpeningHoursSpecification', 'dayOfWeek': ['Monday', 'Tuesday', 'Wednesday'], 'opens': '16:0', 'closes': '22:0'}, {'@type': 'OpeningHoursSpecification', 'dayOfWeek': 'Thursday', 'opens': '16:0', 'closes': '23:0'}, {'@type': 'OpeningHoursSpecification', 'dayOfWeek': 'Friday', 'opens': '16:0', 'closes': '0:0'}, {'@type': 'OpeningHoursSpecification', 'dayOfWeek': 'Saturday', 'opens': '16:0', 'closes': '0:0'}, {'@type': 'OpeningHoursSpecification', 'dayOfWeek': 'Saturday', 'opens': '10:0', 'closes': '15:0'}]","{'@type': 'PostalAddress', 'addressLocality': 'Douglasville', 'addressRegion': 'GA', 'postalCode': '30135', 'addressCountry': 'US', 'streetAddress': '7430 Douglas Blvd'}","{'@type': 'GeoCoordinates', 'latitude': 33.7253974, 'longitude': -84.76823449999999}",{}
Sam & Rosco’s Restaurant (Douglas Blvd),https://www.ubereats.com/atlanta/food-delivery/sam-%26-roscos-restaurant-douglas-blvd/2OvT8YHmQo6u3QvoOcrPSA,douglasville-georgia,"['Italian', 'Pasta', 'Comfort Food']",,,$,33.7243869,-84.7690502,+17709491195,30135,7450 Douglas Blvd,Douglasville,GA,"[{'@type': 'OpeningHoursSpecification', 'dayOfWeek': ['Monday', 'Tuesday', 'Wednesday', 'Thursday', 'Friday', 'Saturday'], 'opens': '17:0', 'closes': '21:30'}]","{'@type': 'PostalAddress', 'addressLocality': 'Douglasville', 'addressRegion': 'GA', 'postalCode': '30135', 'addressCountry': 'US', 'streetAddress': '7450 Douglas Blvd'}","{'@type': 'GeoCoordinates', 'latitude': 33.7243869, 'longitude': -84.7690502}",{}
Great American Cookies/Marble Slab Creamery,https://www.ubereats.com/atlanta/food-delivery/great-american-cookies-marble-slab-creamery/JzgsBdjdTfeTlrCx1O-oDg,douglasville-georgia,"['Bakery', 'Desserts', 'Comfort Food']",4.4,19,$,33.8895108,-84.7537309,+17705750894,30141,4484 Jimmy Lee Smith Pkwy E114,Hiram,GA,"[{'@type': 'OpeningHoursSpecification', 'dayOfWeek': ['Sunday', 'Monday', 'Tuesday', 'Wednesday', 'Thursday'], 'opens': '12:0', 'closes': '20:0'}, {'@type': 'OpeningHoursSpecification', 'dayOfWeek': ['Friday', 'Saturday'], 'opens': '12:0', 'closes': '21:0'}]","{'@type': 'PostalAddress', 'addressLocality': 'Hiram', 'addressRegion': 'GA', 'postalCode': '30141', 'addressCountry': 'US', 'streetAddress': '4484 Jimmy Lee Smith Pkwy E114'}","{'@type': 'GeoCoordinates', 'latitude': 33.8895108, 'longitude': -84.7537309}","{'@type': 'AggregateRating', 'ratingValue': 4.4, 'reviewCount': '19'}"
Grand Slam Pizza (Douglasville),https://www.ubereats.com/atlanta/food-delivery/grand-slam-pizza-douglasville/1wljKAh1ThqjKU91pkJdow,douglasville-georgia,"['Pizza', 'Wings']",4.0,25,$$,33.751595,-84.724903,+17709201845,30134,5823 Fairburn Rd,Douglasville,GA,"[{'@type': 'OpeningHoursSpecification', 'dayOfWeek': ['Monday', 'Tuesday', 'Wednesday', 'Thursday', 'Friday', 'Saturday', 'Sunday'], 'opens': '12:0', 'closes': '21:0'}, {'@type': 'OpeningHoursSpecification', 'dayOfWeek': ['Monday', 'Tuesday', 'Wednesday', 'Thursday', 'Friday', 'Saturday', 'Sunday'], 'opens': '12:0', 'closes': '21:0'}]","{'@type': 'PostalAddress', 'addressLocality': 'Douglasville', 'addressRegion': 'GA', 'postalCode': '30134', 'addressCountry': 'US', 'streetAddress': '5823 Fairburn Rd'}","{'@type': 'GeoCoordinates', 'latitude': 33.751595, 'longitude': -84.724903}","{'@type': 'AggregateRating', 'ratingValue': 4, 'reviewCount': '25'}"
Caribbean Kitchen Bar and Gril,https://www.ubereats.com/atlanta/food-delivery/caribbean-kitchen-bar-and-gril/5TODuRcPSmOnI_NaTvQtZw,douglasville-georgia,"['Caribbean', 'Seafood', 'Salads']",4.0,37,$$,33.750756,-84.729543,+16787158900,30134,6002 Fairburn Road,Douglasville,GA,"[{'@type': 'OpeningHoursSpecification', 'dayOfWeek': 'Sunday', 'opens': '12:0', 'closes': '21:0'}, {'@type': 'OpeningHoursSpecification', 'dayOfWeek': 'Monday', 'opens': '11:0', 'closes': '15:0'}, {'@type': 'OpeningHoursSpecification', 'dayOfWeek': ['Tuesday', 'Wednesday'], 'opens': '11:0', 'closes': '22:0'}, {'@type': 'OpeningHoursSpecification', 'dayOfWeek': ['Tuesday', 'Wednesday'], 'opens': '11:0', 'closes': '15:0'}, {'@type': 'OpeningHoursSpecification', 'dayOfWeek': ['Thursday', 'Friday'], 'opens': '11:0', 'closes': '15:0'}]","{'@type': 'PostalAddress', 'addressLocality': 'Douglasville', 'addressRegion': 'GA', 'postalCode': '30134', 'addressCountry': 'US', 'streetAddress': '6002 Fairburn Road'}","{'@type': 'GeoCoordinates', 'latitude': 33.750756, 'longitude': -84.729543}","{'@type': 'AggregateRating', 'ratingValue': 4, 'reviewCount': '37'}"
Boston Fish Supreme (Campbellton Rd),https://www.ubereats.com/atlanta/food-delivery/boston-fish-supreme-campbellton-rd/-qzNbVLST_-C6N6QGQX7Kw,douglasville-georgia,"['Seafood', 'Family Meals']",,,$$,33.696086,-84.535954,+14043494030,30331,4517 Campbellton Rd SW,Atlanta,GA,"[{'@type': 'OpeningHoursSpecification', 'dayOfWeek': 'Sunday', 'opens': '11:0', 'closes': '20:0'}, {'@type': 'OpeningHoursSpecification', 'dayOfWeek': ['Monday', 'Tuesday', 'Wednesday', 'Thursday', 'Friday', 'Saturday'], 'opens': '11:0', 'closes': '21:0'}]","{'@type': 'PostalAddress', 'addressLocality': 'Atlanta', 'addressRegion': 'GA', 'postalCode': '30331', 'addressCountry': 'US', 'streetAddress': '4517 Campbellton Rd SW'}","{'@type': 'GeoCoordinates', 'latitude': 33.696086, 'longitude': -84.535954}",{}
Taqueria Margarita,https://www.ubereats.com/atlanta/food-delivery/taqueria-margarita/3fqHFLqTQtOKfyPGAkwqnQ,douglasville-georgia,"['American', 'New Mexican', 'Gourmet']",,,$,33.7523232,-84.5812163,+14049347571,30168,860 Six Flags Rd,Austell,GA,"[{'@type': 'OpeningHoursSpecification', 'dayOfWeek': 'Sunday', 'opens': '9:0', 'closes': '17:0'}, {'@type': 'OpeningHoursSpecification', 'dayOfWeek': ['Monday', 'Tuesday', 'Wednesday', 'Thursday', 'Friday', 'Saturday'], 'opens': '9:0', 'closes': '21:0'}]","{'@type': 'PostalAddress', 'addressLocality': 'Austell', 'addressRegion': 'GA', 'postalCode': '30168', 'addressCountry': 'US', 'streetAddress': '860 Six Flags Rd'}","{'@type': 'GeoCoordinates', 'latitude': 33.7523232, 'longitude': -84.5812163}",{}
"Tubby's Tavern (2123 Fairburn Rd, Douglasville)",https://www.ubereats.com/atlanta/food-delivery/tubbys-tavern-2123-fairburn-rd-douglasville/XpSaAWrfTYW72KZvrad0sw,douglasville-georgia,"['American', 'Bar Food']",,,$,33.7469779,-84.7004082,+17705752460,30135,2123 Fairburn Rd,Douglasville,Georgia,"[{'@type': 'OpeningHoursSpecification', 'dayOfWeek': 'Sunday', 'opens': '11:0', 'closes': '22:0'}, {'@type': 'OpeningHoursSpecification', 'dayOfWeek': ['Monday', 'Tuesday', 'Wednesday', 'Thursday', 'Friday', 'Saturday'], 'opens': '11:0', 'closes': '23:0'}]","{'@type': 'PostalAddress', 'addressLocality': 'Douglasville', 'addressRegion': 'Georgia', 'postalCode': '30135', 'addressCountry': 'US', 'streetAddress': '2123 Fairburn Rd'}","{'@type': 'GeoCoordinates', 'latitude': 33.7469779, 'longitude': -84.7004082}",{}
The Captain's Boil (642 Thornton Road),https://www.ubereats.com/atlanta/food-delivery/the-captains-boil-642-thornton-road/OhnJ9iF9SoeXuts461sPtQ,douglasville-georgia,"['Seafood', 'American', 'Southern']",,,$,33.7884743,-84.61933619999999,+17709483707,30122,642 Thornton Road,Lithia Springs,GA,"[{'@type': 'OpeningHoursSpecification', 'dayOfWeek': ['Monday', 'Tuesday', 'Wednesday', 'Thursday', 'Friday', 'Saturday', 'Sunday'], 'opens': '11:0', 'closes': '21:30'}]","{'@type': 'PostalAddress', 'addressLocality': 'Lithia Springs', 'addressRegion': 'GA', 'postalCode': '30122', 'addressCountry': 'US', 'streetAddress': '642 Thornton Road'}","{'@type': 'GeoCoordinates', 'latitude': 33.7884743, 'longitude': -84.61933619999999}",{}
Glory Dogs,https://www.ubereats.com/atlanta/food-delivery/glory-dogs/5Jt-A9KHT66XoZygXYXPtw,douglasville-georgia,"['Burgers', 'American', 'Sandwiches', 'Kids Friendly']",,,$,33.7200518,-84.5550392,+16784372684,30331,1710 Versailles Dr,Atlanta,GA,"[{'@type': 'OpeningHoursSpecification', 'dayOfWeek': ['Monday', 'Tuesday', 'Wednesday', 'Thursday', 'Friday', 'Saturday'], 'opens': '11:0', 'closes': '18:0'}]","{'@type': 'PostalAddress', 'addressLocality': 'Atlanta', 'addressRegion': 'GA', 'postalCode': '30331', 'addressCountry': 'US', 'streetAddress': '1710 Versailles Dr'}","{'@type': 'GeoCoordinates', 'latitude': 33.7200518, 'longitude': -84.5550392}",{}
Pasqually's Pizza & Wings (6890 Douglas Blvd),https://www.ubereats.com/atlanta/food-delivery/pasquallys-pizza-%26-wings-6890-douglas-blvd/66vQNDbkQuWZcra7yYbvcQ,douglasville-georgia,"['Pizza', 'Italian', 'Wings']",,,$,33.7270392,-84.7555895,+17705773720,30135,6890 Douglas Blvd,Douglasville,GA,"[{'@type': 'OpeningHoursSpecification', 'dayOfWeek': ['Monday', 'Tuesday', 'Wednesday', 'Thursday', 'Friday', 'Saturday', 'Sunday'], 'opens': '11:0', 'closes': '20:0'}]","{'@type': 'PostalAddress', 'addressLocality': 'Douglasville', 'addressRegion': 'GA', 'postalCode': '30135', 'addressCountry': 'US', 'streetAddress': '6890 Douglas Blvd'}","{'@type': 'GeoCoordinates', 'latitude': 33.7270392, 'longitude': -84.7555895}",{}
Miss D's New Orleans Style Pralines & Popcorn (Douglasville),https://www.ubereats.com/atlanta/food-delivery/miss-ds-new-orleans-style-pralines-%26-popcorn-douglasville/8HYJQ7dESZeUIRPhDMZNPw,douglasville-georgia,"['American', 'Desserts', 'Kids Friendly']",,,$,33.7173308,-84.7640577,+16784030589,30135,3210 Georgia 5,Douglasville,GA,"[{'@type': 'OpeningHoursSpecification', 'dayOfWeek': ['Monday', 'Tuesday', 'Wednesday', 'Thursday', 'Friday', 'Saturday'], 'opens': '10:0', 'closes': '18:0'}]","{'@type': 'PostalAddress', 'addressLocality': 'Douglasville', 'addressRegion': 'GA', 'postalCode': '30135', 'addressCountry': 'US', 'streetAddress': '3210 Georgia 5'}","{'@type': 'GeoCoordinates', 'latitude': 33.7173308, 'longitude': -84.7640577}",{}
"Johnny Rockets (6700 Douglas Blvd., Ste. 2000)",https://www.ubereats.com/atlanta/food-delivery/johnny-rockets-6700-douglas-blvd-ste-2000/-iavRkcJQw24wG2FNP_kHQ,douglasville-georgia,"['American', 'Fast Food', 'Salads']",,,$,33.7277245,-84.74608350000001,+17705772636,30135,6700 Douglas Blvd. Ste. 2000,Douglasville,GA,"[{'@type': 'OpeningHoursSpecification', 'dayOfWeek': 'Sunday', 'opens': '11:0', 'closes': '18:30'}, {'@type': 'OpeningHoursSpecification', 'dayOfWeek': ['Monday', 'Tuesday', 'Wednesday', 'Thursday'], 'opens': '11:0', 'closes': '21:0'}, {'@type': 'OpeningHoursSpecification', 'dayOfWeek': ['Friday', 'Saturday'], 'opens': '11:0', 'closes': '22:0'}]","{'@type': 'PostalAddress', 'addressLocality': 'Douglasville', 'addressRegion': 'GA', 'postalCode': '30135', 'addressCountry': 'US', 'streetAddress': '6700 Douglas Blvd. Ste. 2000'}","{'@type': 'GeoCoordinates', 'latitude': 33.7277245, 'longitude': -84.74608350000001}",{}
Bei Jin (Lithia Springs),https://www.ubereats.com/atlanta/food-delivery/bei-jin-lithia-springs/qyDk7udjQ4SCvM0RZyHVMA,douglasville-georgia,"['Chinese', 'Chicken', 'Rice-bowls']",4.5,297,$$,33.7687155,-84.59976619999999,+17707329999,30122,100 Interstate W Pkwy,Lithia Springs,GA,"[{'@type': 'OpeningHoursSpecification', 'dayOfWeek': ['Monday', 'Tuesday', 'Wednesday', 'Thursday'], 'opens': '11:0', 'closes': '22:0'}, {'@type': 'OpeningHoursSpecification', 'dayOfWeek': ['Friday', 'Saturday'], 'opens': '11:0', 'closes': '23:0'}]","{'@type': 'PostalAddress', 'addressLocality': 'Lithia Springs', 'addressRegion': 'GA', 'postalCode': '30122', 'addressCountry': 'US', 'streetAddress': '100 Interstate W Pkwy'}","{'@type': 'GeoCoordinates', 'latitude': 33.7687155, 'longitude': -84.59976619999999}","{'@type': 'AggregateRating', 'ratingValue': 4.5, 'reviewCount': '297'}"
Zaxby's (4410 Brownsville Rd.),https://www.ubereats.com/atlanta/food-delivery/zaxbys-4410-brownsville-rd/6CEBOkHASr-fpSNfRBcrTQ,douglasville-georgia,"['American', 'Chicken Strips', 'Fast Food', 'Family Meals']",4.3,68,$$,33.8450857,-84.6988769,+16783841005,30127,4410 Brownsville Rd.,Powder Springs,GA,"[{'@type': 'OpeningHoursSpecification', 'dayOfWeek': ['Monday', 'Tuesday', 'Wednesday', 'Thursday', 'Friday', 'Saturday', 'Sunday'], 'opens': '11:0', 'closes': '20:30'}]","{'@type': 'PostalAddress', 'addressLocality': 'Powder Springs', 'addressRegion': 'GA', 'postalCode': '30127', 'addressCountry': 'US', 'streetAddress': '4410 Brownsville Rd.'}","{'@type': 'GeoCoordinates', 'latitude': 33.8450857, 'longitude': -84.6988769}","{'@type': 'AggregateRating', 'ratingValue': 4.3, 'reviewCount': '68'}"
African Delights Restaurant (Mableton),https://www.ubereats.com/atlanta/food-delivery/african-delights-restaurant-mableton/pTz91V5DTWKYO5FpN4z_Yw,douglasville-georgia,"['Caribbean', 'Mediterranean', 'African']",,,$$,33.8127,-84.5606,+17707398200,30126,185 Veterans Memorial Hwy SW,Mableton,GA,"[{'@type': 'OpeningHoursSpecification', 'dayOfWeek': 'Sunday', 'opens': '11:0', 'closes': '20:30'}, {'@type': 'OpeningHoursSpecification', 'dayOfWeek': 'Sunday', 'opens': '12:0', 'closes': '14:0'}, {'@type': 'OpeningHoursSpecification', 'dayOfWeek': ['Monday', 'Tuesday', 'Wednesday', 'Thursday', 'Friday'], 'opens': '11:0', 'closes': '21:0'}, {'@type': 'OpeningHoursSpecification', 'dayOfWeek': ['Monday', 'Tuesday', 'Wednesday', 'Thursday', 'Friday'], 'opens': '12:0', 'closes': '14:0'}, {'@type': 'OpeningHoursSpecification', 'dayOfWeek': 'Saturday', 'opens': '11:0', 'closes': '20:30'}, {'@type': 'OpeningHoursSpecification', 'dayOfWeek': 'Saturday', 'opens': '12:0', 'closes': '14:0'}]","{'@type': 'PostalAddress', 'addressLocality': 'Mableton', 'addressRegion': 'GA', 'postalCode': '30126', 'addressCountry': 'US', 'streetAddress': '185 Veterans Memorial Hwy SW'}","{'@type': 'GeoCoordinates', 'latitude': 33.8127, 'longitude': -84.5606}",{}
Blu Rose Art Bistro,https://www.ubereats.com/atlanta/food-delivery/blu-rose-art-bistro/kp9Xx86TSj6EsRI5P5sYBA,douglasville-georgia,"['American', 'Breakfast and Brunch', 'Allergy Friendly']",4.2,13,$$,33.749972,-84.7513,+16789092133,30134,12441 E Veterans Memorial Hwy,Douglasville,GA,"[{'@type': 'OpeningHoursSpecification', 'dayOfWeek': ['Tuesday', 'Wednesday', 'Thursday', 'Friday', 'Saturday'], 'opens': '10:0', 'closes': '18:30'}]","{'@type': 'PostalAddress', 'addressLocality': 'Douglasville', 'addressRegion': 'GA', 'postalCode': '30134', 'addressCountry': 'US', 'streetAddress': '12441 E Veterans Memorial Hwy'}","{'@type': 'GeoCoordinates', 'latitude': 33.749972, 'longitude': -84.7513}","{'@type': 'AggregateRating', 'ratingValue': 4.2, 'reviewCount': '13'}"
Church's Chicken (6135 Fairburn Rd),https://www.ubereats.com/atlanta/food-delivery/churchs-chicken-6135-fairburn-rd/ctZtq3W2TsGSL0bEhT02vw,douglasville-georgia,"['Fast Food', 'Family Meals']",4.1,57,$,33.751212,-84.733155,+17709426009,30134,6135 Fairburn Rd,Douglasville,GA,"[{'@type': 'OpeningHoursSpecification', 'dayOfWeek': ['Monday', 'Tuesday', 'Wednesday', 'Thursday', 'Friday', 'Saturday', 'Sunday'], 'opens': '10:0', 'closes': '20:0'}, {'@type': 'OpeningHoursSpecification', 'dayOfWeek': ['Monday', 'Tuesday', 'Wednesday', 'Thursday', 'Friday', 'Saturday', 'Sunday'], 'opens': '16:0', 'closes': '21:30'}]","{'@type': 'PostalAddress', 'addressLocality': 'Douglasville', 'addressRegion': 'GA', 'postalCode': '30134', 'addressCountry': 'US', 'streetAddress': '6135 Fairburn Rd'}","{'@type': 'GeoCoordinates', 'latitude': 33.751212, 'longitude': -84.733155}","{'@type': 'AggregateRating', 'ratingValue': 4.1, 'reviewCount': '57'}"
Popcorn Depot,https://www.ubereats.com/atlanta/food-delivery/popcorn-depot/OvExWgkgSja9rTNxoaQGVg,douglasville-georgia,['American'],,,$,33.7308593,-84.7357278,+17705779335,30135,2750 Chapel Hill Rd Ste 700,Douglasville,GA,"[{'@type': 'OpeningHoursSpecification', 'dayOfWeek': 'Sunday', 'opens': '11:0', 'closes': '17:0'}, {'@type': 'OpeningHoursSpecification', 'dayOfWeek': ['Monday', 'Tuesday', 'Wednesday', 'Thursday', 'Friday', 'Saturday'], 'opens': '11:0', 'closes': '18:0'}]","{'@type': 'PostalAddress', 'addressLocality': 'Douglasville', 'addressRegion': 'GA', 'postalCode': '30135', 'addressCountry': 'US', 'streetAddress': '2750 Chapel Hill Rd Ste 700'}","{'@type': 'GeoCoordinates', 'latitude': 33.7308593, 'longitude': -84.7357278}",{}
Bella - A Baltimore Crab & Seafood Co.,https://www.ubereats.com/atlanta/food-delivery/bella-a-baltimore-crab-%26-seafood-co/XmxM6ViSTcGLAu2TP7QpvA,douglasville-georgia,"['Seafood', 'Soul Food']",4.3,72,$$,33.666956,-84.54914,+14042288657,30331,3220 Butner Rd,Atlanta,Georgia,"[{'@type': 'OpeningHoursSpecification', 'dayOfWeek': ['Tuesday', 'Wednesday', 'Thursday', 'Friday', 'Saturday'], 'opens': '11:0', 'closes': '19:45'}]","{'@type': 'PostalAddress', 'addressLocality': 'Atlanta', 'addressRegion': 'Georgia', 'postalCode': '30331', 'addressCountry': 'US', 'streetAddress': '3220 Butner Rd'}","{'@type': 'GeoCoordinates', 'latitude': 33.666956, 'longitude': -84.54914}","{'@type': 'AggregateRating', 'ratingValue': 4.3, 'reviewCount': '72'}"
Hibachi Japan - You Food Sushi & Hibachi,https://www.ubereats.com/atlanta/food-delivery/hibachi-japan-you-food-sushi-%26-hibachi/zJ43X_1gSpKo2dQo_BkJjA,douglasville-georgia,"['Wings', 'Asian', 'Seafood', 'Japanese', 'Allergy Friendly']",4.5,313,$,33.8242756,-84.574953,+16786538855,30126,5345 Floyd Rd SW,Mableton,GA,"[{'@type': 'OpeningHoursSpecification', 'dayOfWeek': 'Sunday', 'opens': '11:0', 'closes': '22:0'}, {'@type': 'OpeningHoursSpecification', 'dayOfWeek': 'Monday', 'opens': '11:0', 'closes': '21:30'}, {'@type': 'OpeningHoursSpecification', 'dayOfWeek': ['Wednesday', 'Thursday'], 'opens': '11:0', 'closes': '21:30'}, {'@type': 'OpeningHoursSpecification', 'dayOfWeek': ['Friday', 'Saturday'], 'opens': '11:0', 'closes': '22:0'}]","{'@type': 'PostalAddress', 'addressLocality': 'Mableton', 'addressRegion': 'GA', 'postalCode': '30126', 'addressCountry': 'US', 'streetAddress': '5345 Floyd Rd SW'}","{'@type': 'GeoCoordinates', 'latitude': 33.8242756, 'longitude': -84.574953}","{'@type': 'AggregateRating', 'ratingValue': 4.5, 'reviewCount': '313'}"
Papa John's (3387 Highway 5),https://www.ubereats.com/atlanta/food-delivery/papa-johns-3387-highway-5/q2wFCM_1R8iiWKV8-uvLAQ,douglasville-georgia,"['PIzza', 'American', 'Wings']",4.5,27,$$,33.713897,-84.7701921,+17704894400,30135,3387 Highway 5,Douglasville,GA,"[{'@type': 'OpeningHoursSpecification', 'dayOfWeek': ['Sunday', 'Monday', 'Tuesday', 'Wednesday', 'Thursday'], 'opens': '10:0', 'closes': '22:25'}, {'@type': 'OpeningHoursSpecification', 'dayOfWeek': ['Friday', 'Saturday'], 'opens': '10:0', 'closes': '23:25'}]","{'@type': 'PostalAddress', 'addressLocality': 'Douglasville', 'addressRegion': 'GA', 'postalCode': '30135', 'addressCountry': 'US', 'streetAddress': '3387 Highway 5'}","{'@type': 'GeoCoordinates', 'latitude': 33.713897, 'longitude': -84.7701921}","{'@type': 'AggregateRating', 'ratingValue': 4.5, 'reviewCount': '27'}"
Jersey Mike's Subs (4373 Jimmy Lee Smith Pkwy),https://www.ubereats.com/atlanta/food-delivery/jersey-mikes-subs-4373-jimmy-lee-smith-pkwy/3m3FCPIPSxaR7soOAWzz0w,douglasville-georgia,"['Sandwich', 'American']",4.7,78,$,33.8924485,-84.7558342,+17706287053,30141,4373 Jimmy Lee Smith Pkwy,Hiram,GA,"[{'@type': 'OpeningHoursSpecification', 'dayOfWeek': ['Monday', 'Tuesday', 'Wednesday', 'Thursday', 'Friday', 'Saturday', 'Sunday'], 'opens': '10:0', 'closes': '19:30'}]","{'@type': 'PostalAddress', 'addressLocality': 'Hiram', 'addressRegion': 'GA', 'postalCode': '30141', 'addressCountry': 'US', 'streetAddress': '4373 Jimmy Lee Smith Pkwy'}","{'@type': 'GeoCoordinates', 'latitude': 33.8924485, 'longitude': -84.7558342}","{'@type': 'AggregateRating', 'ratingValue': 4.7, 'reviewCount': '78'}"
Taco Bell (6700 Douglas Blvd),https://www.ubereats.com/atlanta/food-delivery/taco-bell-6700-douglas-blvd/Y4tf8l22Rwa0dCsY_3cv0g,douglasville-georgia,"['Burritos', 'Fast Food', 'Mexican']",,,$,33.72772449999999,-84.74608350000001,+17709499491,30135,6700 Douglas Blvd,Douglasville,GA,"[{'@type': 'OpeningHoursSpecification', 'dayOfWeek': 'Sunday', 'opens': '14:0', 'closes': '17:0'}, {'@type': 'OpeningHoursSpecification', 'dayOfWeek': 'Sunday', 'opens': '10:0', 'closes': '20:30'}, {'@type': 'OpeningHoursSpecification', 'dayOfWeek': ['Monday', 'Tuesday', 'Wednesday', 'Thursday', 'Friday', 'Saturday'], 'opens': '14:0', 'closes': '17:0'}, {'@type': 'OpeningHoursSpecification', 'dayOfWeek': ['Monday', 'Tuesday', 'Wednesday', 'Thursday', 'Friday', 'Saturday'], 'opens': '9:0', 'closes': '20:30'}]","{'@type': 'PostalAddress', 'addressLocality': 'Douglasville', 'addressRegion': 'GA', 'postalCode': '30135', 'addressCountry': 'US', 'streetAddress': '6700 Douglas Blvd'}","{'@type': 'GeoCoordinates', 'latitude': 33.72772449999999, 'longitude': -84.74608350000001}",{}
Charley's Philly Steaks (6700 Douglas Blvd),https://www.ubereats.com/atlanta/food-delivery/charleys-philly-steaks-6700-douglas-blvd/M019MYbyQXOYRBLLmyJOag,douglasville-georgia,"['Sandwich', 'Salads', 'American']",,,$,33.72772449999999,-84.74608350000001,+13178761989,30135,6700 Douglas Blvd,Douglasville,GA,[],"{'@type': 'PostalAddress', 'addressLocality': 'Douglasville', 'addressRegion': 'GA', 'postalCode': '30135', 'addressCountry': 'US', 'streetAddress': '6700 Douglas Blvd'}","{'@type': 'GeoCoordinates', 'latitude': 33.72772449999999, 'longitude': -84.74608350000001}",{}
Subway (5823 Fairburn Rd),https://www.ubereats.com/atlanta/food-delivery/subway-5823-fairburn-rd/-Ia35x0bTsKprYqWxROdog,douglasville-georgia,"['Fast Food', 'Sandwich', 'American']",,,$,33.751595,-84.724903,+17709202647,30134,5823 Fairburn Rd,Douglasville,GA,"[{'@type': 'OpeningHoursSpecification', 'dayOfWeek': 'Sunday', 'opens': '9:0', 'closes': '19:30'}, {'@type': 'OpeningHoursSpecification', 'dayOfWeek': ['Monday', 'Tuesday', 'Wednesday', 'Thursday', 'Friday'], 'opens': '9:0', 'closes': '20:15'}, {'@type': 'OpeningHoursSpecification', 'dayOfWeek': 'Saturday', 'opens': '9:0', 'closes': '19:30'}]","{'@type': 'PostalAddress', 'addressLocality': 'Douglasville', 'addressRegion': 'GA', 'postalCode': '30134', 'addressCountry': 'US', 'streetAddress': '5823 Fairburn Rd'}","{'@type': 'GeoCoordinates', 'latitude': 33.751595, 'longitude': -84.724903}",{}
Burger Bar (6855 Douglas Blvd),https://www.ubereats.com/atlanta/food-delivery/burger-bar-6855-douglas-blvd/67vtxX0VRjuKCGO-oqVGdA,douglasville-georgia,"['American', 'Bar Food', 'burger']",3.2,76,$$,33.7283977,-84.7557934,+16787150821,30135,6855 Douglas Blvd,Douglasville,GA,"[{'@type': 'OpeningHoursSpecification', 'dayOfWeek': ['Sunday', 'Monday', 'Tuesday', 'Wednesday'], 'opens': '11:0', 'closes': '20:30'}, {'@type': 'OpeningHoursSpecification', 'dayOfWeek': ['Thursday', 'Friday', 'Saturday'], 'opens': '11:0', 'closes': '21:30'}]","{'@type': 'PostalAddress', 'addressLocality': 'Douglasville', 'addressRegion': 'GA', 'postalCode': '30135', 'addressCountry': 'US', 'streetAddress': '6855 Douglas Blvd'}","{'@type': 'GeoCoordinates', 'latitude': 33.7283977, 'longitude': -84.7557934}","{'@type': 'AggregateRating', 'ratingValue': 3.2, 'reviewCount': '76'}"
Island Spice Grill and Wings,https://www.ubereats.com/atlanta/food-delivery/island-spice-grill-and-wings/LUI_KY0kTMC_yD7g4X33sA,douglasville-georgia,"['Caribbean', 'Jamaican', 'Wings']",4.4,494,$,33.73477,-84.66935,+16785058441,30122,2755 Lee Rd,Lithia Springs,GA,"[{'@type': 'OpeningHoursSpecification', 'dayOfWeek': 'Sunday', 'opens': '11:0', 'closes': '20:45'}, {'@type': 'OpeningHoursSpecification', 'dayOfWeek': ['Monday', 'Tuesday', 'Wednesday', 'Thursday', 'Friday', 'Saturday'], 'opens': '11:0', 'closes': '21:45'}]","{'@type': 'PostalAddress', 'addressLocality': 'Lithia Springs', 'addressRegion': 'GA', 'postalCode': '30122', 'addressCountry': 'US', 'streetAddress': '2755 Lee Rd'}","{'@type': 'GeoCoordinates', 'latitude': 33.73477, 'longitude': -84.66935}","{'@type': 'AggregateRating', 'ratingValue': 4.4, 'reviewCount': '494'}"
Monterrey Restaurant (Hwy 5),https://www.ubereats.com/atlanta/food-delivery/monterrey-restaurant-hwy-5/D3lHiI7CTQCTQCtSl11viQ,douglasville-georgia,"['Mexican', 'Latin American', 'New Mexican']",,,$$,33.72432390000001,-84.7611033,+17709201099,30135,9486 Hwy 5,Douglasville,GA,"[{'@type': 'OpeningHoursSpecification', 'dayOfWeek': ['Sunday', 'Monday', 'Tuesday', 'Wednesday', 'Thursday'], 'opens': '11:0', 'closes': '21:30'}, {'@type': 'OpeningHoursSpecification', 'dayOfWeek': ['Friday', 'Saturday'], 'opens': '11:0', 'closes': '22:15'}]","{'@type': 'PostalAddress', 'addressLocality': 'Douglasville', 'addressRegion': 'GA', 'postalCode': '30135', 'addressCountry': 'US', 'streetAddress': '9486 Hwy 5'}","{'@type': 'GeoCoordinates', 'latitude': 33.72432390000001, 'longitude': -84.7611033}",{}
Steak 'N Shake (9557 Bill Arp Rd),https://www.ubereats.com/atlanta/food-delivery/steak-n-shake-9557-bill-arp-rd/7nRUWUcIQ6mhodsnk5RevQ,douglasville-georgia,"['American', 'Burgers', 'Juice and Smoothies']",,,$$,33.7234644,-84.7629347,+17709422200,30135,9557 Bill Arp Rd,Douglasville,GA,"[{'@type': 'OpeningHoursSpecification', 'dayOfWeek': ['Monday', 'Tuesday', 'Wednesday', 'Thursday', 'Friday', 'Saturday', 'Sunday'], 'opens': '11:0', 'closes': '23:0'}]","{'@type': 'PostalAddress', 'addressLocality': 'Douglasville', 'addressRegion': 'GA', 'postalCode': '30135', 'addressCountry': 'US', 'streetAddress': '9557 Bill Arp Rd'}","{'@type': 'GeoCoordinates', 'latitude': 33.7234644, 'longitude': -84.7629347}",{}
Buffalo's Cafe (5380 Wendy Bagwell Parkway),https://www.ubereats.com/atlanta/food-delivery/buffalos-cafe-5380-wendy-bagwell-parkway/3qJFrWgkTseHj2koO876PA,douglasville-georgia,"['American', 'Bar Food']",4.0,40,$$$$,33.8857541,-84.73896309999999,+17704392831,30141,5380 Wendy Bagwell Pkwy,Hiram,GA,"[{'@type': 'OpeningHoursSpecification', 'dayOfWeek': 'Sunday', 'opens': '11:0', 'closes': '20:45'}, {'@type': 'OpeningHoursSpecification', 'dayOfWeek': 'Sunday', 'opens': '11:0', 'closes': '22:0'}, {'@type': 'OpeningHoursSpecification', 'dayOfWeek': ['Monday', 'Tuesday', 'Wednesday', 'Thursday'], 'opens': '11:0', 'closes': '20:45'}, {'@type': 'OpeningHoursSpecification', 'dayOfWeek': ['Monday', 'Tuesday', 'Wednesday', 'Thursday'], 'opens': '11:0', 'closes': '15:0'}, {'@type': 'OpeningHoursSpecification', 'dayOfWeek': ['Monday', 'Tuesday', 'Wednesday', 'Thursday'], 'opens': '11:0', 'closes': '22:0'}, {'@type': 'OpeningHoursSpecification', 'dayOfWeek': 'Friday', 'opens': '11:0', 'closes': '20:45'}, {'@type': 'OpeningHoursSpecification', 'dayOfWeek': 'Friday', 'opens': '11:30', 'closes': '21:0'}, {'@type': 'OpeningHoursSpecification', 'dayOfWeek': 'Friday', 'opens': '11:0', 'closes': '15:0'}, {'@type': 'OpeningHoursSpecification', 'dayOfWeek': 'Friday', 'opens': '11:0', 'closes': '23:0'}, {'@type': 'OpeningHoursSpecification', 'dayOfWeek': 'Saturday', 'opens': '11:0', 'closes': '20:45'}, {'@type': 'OpeningHoursSpecification', 'dayOfWeek': 'Saturday', 'opens': '11:30', 'closes': '21:0'}, {'@type': 'OpeningHoursSpecification', 'dayOfWeek': 'Saturday', 'opens': '11:0', 'closes': '23:0'}]","{'@type': 'PostalAddress', 'addressLocality': 'Hiram', 'addressRegion': 'GA', 'postalCode': '30141', 'addressCountry': 'US', 'streetAddress': '5380 Wendy Bagwell Pkwy'}","{'@type': 'GeoCoordinates', 'latitude': 33.8857541, 'longitude': -84.73896309999999}","{'@type': 'AggregateRating', 'ratingValue': 4, 'reviewCount': '40'}"
Burger Bar (5464 Wendy Bagwell Pkwy.),https://www.ubereats.com/atlanta/food-delivery/burger-bar-5464-wendy-bagwell-pkwy/uhogKMOZQda8zHhsXnafAQ,douglasville-georgia,"['American', 'Bar Food', 'burger']",3.6,93,$$,33.8852585,-84.738045,+17709438893,30141,5464 Wendy Bagwell Pkwy.,Hiram,GA,"[{'@type': 'OpeningHoursSpecification', 'dayOfWeek': ['Sunday', 'Monday', 'Tuesday', 'Wednesday'], 'opens': '11:0', 'closes': '21:30'}, {'@type': 'OpeningHoursSpecification', 'dayOfWeek': ['Thursday', 'Friday', 'Saturday'], 'opens': '11:0', 'closes': '22:30'}]","{'@type': 'PostalAddress', 'addressLocality': 'Hiram', 'addressRegion': 'GA', 'postalCode': '30141', 'addressCountry': 'US', 'streetAddress': '5464 Wendy Bagwell Pkwy.'}","{'@type': 'GeoCoordinates', 'latitude': 33.8852585, 'longitude': -84.738045}","{'@type': 'AggregateRating', 'ratingValue': 3.6, 'reviewCount': '93'}"
Tiffany’s Kitchen,https://www.ubereats.com/atlanta/food-delivery/tiffanys-kitchen/8pUYNK-wQvefPaTmFt8Qtg,douglasville-georgia,"['Burgers', 'American', 'Sandwiches']",,,$,33.7744953,-84.6536545,+16785985044,30122,7413 Lee Rd,Lithia Springs,GA,"[{'@type': 'OpeningHoursSpecification', 'dayOfWeek': ['Monday', 'Tuesday', 'Wednesday', 'Thursday', 'Friday', 'Saturday', 'Sunday'], 'opens': '6:0', 'closes': '21:0'}]","{'@type': 'PostalAddress', 'addressLocality': 'Lithia Springs', 'addressRegion': 'GA', 'postalCode': '30122', 'addressCountry': 'US', 'streetAddress': '7413 Lee Rd'}","{'@type': 'GeoCoordinates', 'latitude': 33.7744953, 'longitude': -84.6536545}",{}
Classique Dining Room,https://www.ubereats.com/atlanta/food-delivery/classique-dining-room/dT1mJSozQAWvIfsEWr9A6A,douglasville-georgia,"['Southern', 'Traditional American', 'Soul Food']",,,$$,33.81322,-84.560178,+17709415602,30126,5761 Harding Dr,Mableton,GA,"[{'@type': 'OpeningHoursSpecification', 'dayOfWeek': ['Monday', 'Tuesday', 'Wednesday', 'Thursday', 'Friday'], 'opens': '11:0', 'closes': '19:0'}]","{'@type': 'PostalAddress', 'addressLocality': 'Mableton', 'addressRegion': 'GA', 'postalCode': '30126', 'addressCountry': 'US', 'streetAddress': '5761 Harding Dr'}","{'@type': 'GeoCoordinates', 'latitude': 33.81322, 'longitude': -84.560178}",{}
Just like Mama's,https://www.ubereats.com/atlanta/food-delivery/just-like-mamas/SnqEQGxbSKmL7mT4Br__BQ,douglasville-georgia,"['Soul Food', 'American', 'Salads', 'Kids Friendly']",,,$,33.751966,-84.7397589,+17704858465,30134,6405 Fairburn Rd,Douglasville,GA,"[{'@type': 'OpeningHoursSpecification', 'dayOfWeek': 'Sunday', 'opens': '11:0', 'closes': '20:0'}, {'@type': 'OpeningHoursSpecification', 'dayOfWeek': 'Sunday', 'opens': '11:0', 'closes': '18:0'}, {'@type': 'OpeningHoursSpecification', 'dayOfWeek': ['Wednesday', 'Thursday', 'Friday', 'Saturday'], 'opens': '11:0', 'closes': '20:0'}]","{'@type': 'PostalAddress', 'addressLocality': 'Douglasville', 'addressRegion': 'GA', 'postalCode': '30134', 'addressCountry': 'US', 'streetAddress': '6405 Fairburn Rd'}","{'@type': 'GeoCoordinates', 'latitude': 33.751966, 'longitude': -84.7397589}",{}
The Dirty Bird,https://www.ubereats.com/atlanta/food-delivery/the-dirty-bird/yjbFmiLbR42GdnnlWItptw,douglasville-georgia,['American'],,,$$,33.8307346,-84.6123477,+16782658587,30106,5029 Austell Rd,Atlanta,GA,"[{'@type': 'OpeningHoursSpecification', 'dayOfWeek': ['Monday', 'Tuesday', 'Wednesday', 'Thursday'], 'opens': '11:30', 'closes': '20:30'}, {'@type': 'OpeningHoursSpecification', 'dayOfWeek': ['Friday', 'Saturday'], 'opens': '0:0', 'closes': '21:0'}]","{'@type': 'PostalAddress', 'addressLocality': 'Atlanta', 'addressRegion': 'GA', 'postalCode': '30106', 'addressCountry': 'US', 'streetAddress': '5029 Austell Rd'}","{'@type': 'GeoCoordinates', 'latitude': 33.8307346, 'longitude': -84.6123477}",{}
Planet Smoothie (5370 Highway 92 Ste 220),https://www.ubereats.com/atlanta/food-delivery/planet-smoothie-5370-highway-92-ste-220/gB-HrrOPT7qYw-P8LYvpPw,douglasville-georgia,['Healthy'],4.6,82,$$,33.61220240000001,-84.6102804,+16785190764,30213,5370 Highway 92 Ste 220,Fairburn,GA,"[{'@type': 'OpeningHoursSpecification', 'dayOfWeek': 'Sunday', 'opens': '11:0', 'closes': '20:0'}, {'@type': 'OpeningHoursSpecification', 'dayOfWeek': ['Monday', 'Tuesday', 'Wednesday', 'Thursday', 'Friday', 'Saturday'], 'opens': '10:0', 'closes': '20:0'}]","{'@type': 'PostalAddress', 'addressLocality': 'Fairburn', 'addressRegion': 'GA', 'postalCode': '30213', 'addressCountry': 'US', 'streetAddress': '5370 Highway 92 Ste 220'}","{'@type': 'GeoCoordinates', 'latitude': 33.61220240000001, 'longitude': -84.6102804}","{'@type': 'AggregateRating', 'ratingValue': 4.6, 'reviewCount': '82'}"
"Red Lobster (1805 East West Connector, SW)",https://www.ubereats.com/atlanta/food-delivery/red-lobster-1805-east-west-connector-sw/GROQg2nqTbyeBmGUuizVbg,douglasville-georgia,"['Seafood', 'American', 'Family Meals']",4.1,211,$$,33.8534979,-84.6054722,+17707457111,30106,"1805 East West Connector, SW",Austell,GA,"[{'@type': 'OpeningHoursSpecification', 'dayOfWeek': ['Sunday', 'Monday', 'Tuesday', 'Wednesday', 'Thursday'], 'opens': '11:30', 'closes': '20:0'}, {'@type': 'OpeningHoursSpecification', 'dayOfWeek': ['Friday', 'Saturday'], 'opens': '11:30', 'closes': '21:0'}]","{'@type': 'PostalAddress', 'addressLocality': 'Austell', 'addressRegion': 'GA', 'postalCode': '30106', 'addressCountry': 'US', 'streetAddress': '1805 East West Connector, SW'}","{'@type': 'GeoCoordinates', 'latitude': 33.8534979, 'longitude': -84.6054722}","{'@type': 'AggregateRating', 'ratingValue': 4.1, 'reviewCount': '211'}"
"Firehouse Subs (2911 Chapel Hill Rd., Ste. 210)",https://www.ubereats.com/atlanta/food-delivery/firehouse-subs-2911-chapel-hill-rd-ste-210/fp-Ar7AVQ92iVeNhqDZS1A,douglasville-georgia,"['Sandwich', 'Deli']",4.5,107,$,33.7261684,-84.7366385,+17707269053,30135,"2911 Chapel Hill Rd., Ste. 210",Douglasville,GA,"[{'@type': 'OpeningHoursSpecification', 'dayOfWeek': ['Monday', 'Tuesday', 'Wednesday', 'Thursday', 'Friday', 'Saturday', 'Sunday'], 'opens': '10:30', 'closes': '20:30'}]","{'@type': 'PostalAddress', 'addressLocality': 'Douglasville', 'addressRegion': 'GA', 'postalCode': '30135', 'addressCountry': 'US', 'streetAddress': '2911 Chapel Hill Rd., Ste. 210'}","{'@type': 'GeoCoordinates', 'latitude': 33.7261684, 'longitude': -84.7366385}","{'@type': 'AggregateRating', 'ratingValue': 4.5, 'reviewCount': '107'}"
Arby's (10175 VETERANS MEMORIAL HWY),https://www.ubereats.com/atlanta/food-delivery/arbys-10175-veterans-memorial-hwy/45W_OsLDS-KMke51VUC7-A,douglasville-georgia,"['American', 'Sandwich', 'Fast Food', 'Kids Friendly']",3.9,114,$,33.7975548,-84.64193,+17707390339,30168,10175 VETERANS MEMORIAL HWY,AUSTELL,GA,"[{'@type': 'OpeningHoursSpecification', 'dayOfWeek': ['Monday', 'Tuesday', 'Wednesday', 'Thursday', 'Friday', 'Saturday', 'Sunday'], 'opens': '10:0', 'closes': '23:0'}]","{'@type': 'PostalAddress', 'addressLocality': 'AUSTELL', 'addressRegion': 'GA', 'postalCode': '30168', 'addressCountry': 'US', 'streetAddress': '10175 VETERANS MEMORIAL HWY'}","{'@type': 'GeoCoordinates', 'latitude': 33.7975548, 'longitude': -84.64193}","{'@type': 'AggregateRating', 'ratingValue': 3.9, 'reviewCount': '114'}"
Huey Luey’s (Hiram),https://www.ubereats.com/atlanta/food-delivery/huey-lueys-hiram/tVA98xr3TbKwnp7ay7Q5hg,douglasville-georgia,"['Tex Mex', 'Mexican']",4.5,133,$$,33.885444,-84.738432,+16785670080,30141,5460 Wendy Bagwell Pkwy,Hiram,GA,"[{'@type': 'OpeningHoursSpecification', 'dayOfWeek': 'Sunday', 'opens': '11:0', 'closes': '20:45'}, {'@type': 'OpeningHoursSpecification', 'dayOfWeek': ['Monday', 'Tuesday', 'Wednesday', 'Thursday', 'Friday'], 'opens': '11:0', 'closes': '20:45'}, {'@type': 'OpeningHoursSpecification', 'dayOfWeek': ['Monday', 'Tuesday', 'Wednesday', 'Thursday', 'Friday'], 'opens': '11:0', 'closes': '15:0'}, {'@type': 'OpeningHoursSpecification', 'dayOfWeek': 'Saturday', 'opens': '11:0', 'closes': '20:45'}]","{'@type': 'PostalAddress', 'addressLocality': 'Hiram', 'addressRegion': 'GA', 'postalCode': '30141', 'addressCountry': 'US', 'streetAddress': '5460 Wendy Bagwell Pkwy'}","{'@type': 'GeoCoordinates', 'latitude': 33.885444, 'longitude': -84.738432}","{'@type': 'AggregateRating', 'ratingValue': 4.5, 'reviewCount': '133'}"
Cold Stone Creamery (Hiram),https://www.ubereats.com/atlanta/food-delivery/cold-stone-creamery-hiram/sxaQu7xsRfiJAZlI4FxyFw,douglasville-georgia,['Ice Cream and Frozen Yogurt'],4.6,183,$,33.888223,-84.746722,+17709438870,30141,4910 Jimmy Lee Smith Pkwy,Hiram,Georgia,"[{'@type': 'OpeningHoursSpecification', 'dayOfWeek': 'Sunday', 'opens': '11:0', 'closes': '21:45'}, {'@type': 'OpeningHoursSpecification', 'dayOfWeek': 'Sunday', 'opens': '11:0', 'closes': '21:50'}, {'@type': 'OpeningHoursSpecification', 'dayOfWeek': ['Monday', 'Tuesday', 'Wednesday', 'Thursday'], 'opens': '11:0', 'closes': '21:50'}, {'@type': 'OpeningHoursSpecification', 'dayOfWeek': ['Monday', 'Tuesday', 'Wednesday', 'Thursday'], 'opens': '11:0', 'closes': '21:50'}, {'@type': 'OpeningHoursSpecification', 'dayOfWeek': 'Friday', 'opens': '11:0', 'closes': '22:50'}, {'@type': 'OpeningHoursSpecification', 'dayOfWeek': 'Friday', 'opens': '11:0', 'closes': '22:50'}, {'@type': 'OpeningHoursSpecification', 'dayOfWeek': 'Saturday', 'opens': '11:15', 'closes': '22:50'}, {'@type': 'OpeningHoursSpecification', 'dayOfWeek': 'Saturday', 'opens': '11:0', 'closes': '22:50'}]","{'@type': 'PostalAddress', 'addressLocality': 'Hiram', 'addressRegion': 'Georgia', 'postalCode': '30141', 'addressCountry': 'US', 'streetAddress': '4910 Jimmy Lee Smith Pkwy'}","{'@type': 'GeoCoordinates', 'latitude': 33.888223, 'longitude': -84.746722}","{'@type': 'AggregateRating', 'ratingValue': 4.6, 'reviewCount': '183'}"
Williamson Brothers Bar-B-Q (Douglasville),https://www.ubereats.com/atlanta/food-delivery/williamson-brothers-bar-b-q-douglasville/38ionlmLTMiMFqgnNmsSXg,douglasville-georgia,['BBQ'],4.4,60,$,33.729519,-84.759049,+17709495058,30134,7040 Concourse Pkwy,Douglasville,Georgia,"[{'@type': 'OpeningHoursSpecification', 'dayOfWeek': 'Sunday', 'opens': '11:0', 'closes': '19:30'}, {'@type': 'OpeningHoursSpecification', 'dayOfWeek': ['Tuesday', 'Wednesday', 'Thursday', 'Friday', 'Saturday'], 'opens': '11:0', 'closes': '19:30'}]","{'@type': 'PostalAddress', 'addressLocality': 'Douglasville', 'addressRegion': 'Georgia', 'postalCode': '30134', 'addressCountry': 'US', 'streetAddress': '7040 Concourse Pkwy'}","{'@type': 'GeoCoordinates', 'latitude': 33.729519, 'longitude': -84.759049}","{'@type': 'AggregateRating', 'ratingValue': 4.4, 'reviewCount': '60'}"
Chipotle Mexican Grill (9380 The Landing Dr),https://www.ubereats.com/atlanta/food-delivery/chipotle-mexican-grill-9380-the-landing-dr/3T1Xx7cmQ_-8PSVZz56Ixg,douglasville-georgia,"['Mexican', 'Latin American', 'New Mexican']",3.8,60,$,33.727935,-84.7377185,+16782752386,30135,9380 The Landing Dr,Douglasville,GA,"[{'@type': 'OpeningHoursSpecification', 'dayOfWeek': ['Monday', 'Tuesday', 'Wednesday', 'Thursday', 'Friday', 'Saturday', 'Sunday'], 'opens': '10:45', 'closes': '21:40'}]","{'@type': 'PostalAddress', 'addressLocality': 'Douglasville', 'addressRegion': 'GA', 'postalCode': '30135', 'addressCountry': 'US', 'streetAddress': '9380 The Landing Dr'}","{'@type': 'GeoCoordinates', 'latitude': 33.727935, 'longitude': -84.7377185}","{'@type': 'AggregateRating', 'ratingValue': 3.8, 'reviewCount': '60'}"
Popeyes (9541 Highway 5),https://www.ubereats.com/atlanta/food-delivery/popeyes-9541-highway-5/oCTJcnFbR_yNsEm2K5hTRQ,douglasville-georgia,"['American', 'Fast Food', 'Comfort Food', 'Family Meals']",3.9,98,$,33.72400020000001,-84.76289179999999,+16783034667,30135,9541 Highway 5,Douglasville,GA,"[{'@type': 'OpeningHoursSpecification', 'dayOfWeek': 'Sunday', 'opens': '10:30', 'closes': '22:30'}, {'@type': 'OpeningHoursSpecification', 'dayOfWeek': ['Monday', 'Tuesday', 'Wednesday', 'Thursday', 'Friday', 'Saturday'], 'opens': '10:30', 'closes': '23:30'}]","{'@type': 'PostalAddress', 'addressLocality': 'Douglasville', 'addressRegion': 'GA', 'postalCode': '30135', 'addressCountry': 'US', 'streetAddress': '9541 Highway 5'}","{'@type': 'GeoCoordinates', 'latitude': 33.72400020000001, 'longitude': -84.76289179999999}","{'@type': 'AggregateRating', 'ratingValue': 3.9, 'reviewCount': '98'}"
JJ Teriyaki & Wings,https://www.ubereats.com/atlanta/food-delivery/jj-teriyaki-%26-wings/kEC-gCsbSpOTT4K9EluVXw,douglasville-georgia,"['Comfort Food', 'American', 'Wings']",4.5,42,$,33.7249849,-84.73592300000001,+16784038506,30135,2959 Chapel Hill Rd,Douglasville,GA,"[{'@type': 'OpeningHoursSpecification', 'dayOfWeek': 'Sunday', 'opens': '12:0', 'closes': '20:0'}, {'@type': 'OpeningHoursSpecification', 'dayOfWeek': ['Tuesday', 'Wednesday', 'Thursday', 'Friday', 'Saturday'], 'opens': '11:0', 'closes': '21:0'}]","{'@type': 'PostalAddress', 'addressLocality': 'Douglasville', 'addressRegion': 'GA', 'postalCode': '30135', 'addressCountry': 'US', 'streetAddress': '2959 Chapel Hill Rd'}","{'@type': 'GeoCoordinates', 'latitude': 33.7249849, 'longitude': -84.73592300000001}","{'@type': 'AggregateRating', 'ratingValue': 4.5, 'reviewCount': '42'}"
Great Wraps Grill (Douglasvill,https://www.ubereats.com/atlanta/food-delivery/great-wraps-grill-douglasvill/-7-8UkPUQUapsAp-IkRbgw,douglasville-georgia,"['Sandwich', 'American']",4.3,18,$$,33.727725,-84.746084,+14704870198,30135-1599,6700 Douglas Blvd,Douglasville,GA,"[{'@type': 'OpeningHoursSpecification', 'dayOfWeek': 'Sunday', 'opens': '11:0', 'closes': '18:30'}, {'@type': 'OpeningHoursSpecification', 'dayOfWeek': ['Monday', 'Tuesday', 'Wednesday', 'Thursday', 'Friday', 'Saturday'], 'opens': '11:0', 'closes': '19:0'}, {'@type': 'OpeningHoursSpecification', 'dayOfWeek': ['Monday', 'Tuesday', 'Wednesday', 'Thursday', 'Friday', 'Saturday'], 'opens': '10:0', 'closes': '20:30'}]","{'@type': 'PostalAddress', 'addressLocality': 'Douglasville', 'addressRegion': 'GA', 'postalCode': '30135-1599', 'addressCountry': 'US', 'streetAddress': '6700 Douglas Blvd'}","{'@type': 'GeoCoordinates', 'latitude': 33.727725, 'longitude': -84.746084}","{'@type': 'AggregateRating', 'ratingValue': 4.3, 'reviewCount': '18'}"
Papa John's (East-West Crossing Shopping Center),https://www.ubereats.com/atlanta/food-delivery/papa-johns-east-west-crossing-shopping-center/wT4N588CRwia8udcQBn4Aw,douglasville-georgia,['PIzza'],4.1,29,$$,33.85336,-84.600515,+16789454500,30106,East-West Crossing Shopping Center,Austell,GA,"[{'@type': 'OpeningHoursSpecification', 'dayOfWeek': ['Sunday', 'Monday', 'Tuesday', 'Wednesday', 'Thursday'], 'opens': '10:0', 'closes': '22:25'}, {'@type': 'OpeningHoursSpecification', 'dayOfWeek': ['Friday', 'Saturday'], 'opens': '10:0', 'closes': '23:25'}]","{'@type': 'PostalAddress', 'addressLocality': 'Austell', 'addressRegion': 'GA', 'postalCode': '30106', 'addressCountry': 'US', 'streetAddress': 'East-West Crossing Shopping Center'}","{'@type': 'GeoCoordinates', 'latitude': 33.85336, 'longitude': -84.600515}","{'@type': 'AggregateRating', 'ratingValue': 4.1, 'reviewCount': '29'}"
"Zaxbys (2609 Lee Rd Lithia Springs, GA 30122)",https://www.ubereats.com/atlanta/food-delivery/zaxbys-2609-lee-rd-lithia-springs-ga-30122/YHuHZiYmSLy7nzXU19vEFg,douglasville-georgia,"['American', 'Wings', 'Salads', 'Family Meals']",4.2,196,$,33.7349256,-84.66762949999999,+17704893943,30122,2609 Lee Rd,Lithia Springs,GA,"[{'@type': 'OpeningHoursSpecification', 'dayOfWeek': ['Monday', 'Tuesday', 'Wednesday', 'Thursday', 'Friday', 'Saturday', 'Sunday'], 'opens': '11:0', 'closes': '20:30'}]","{'@type': 'PostalAddress', 'addressLocality': 'Lithia Springs', 'addressRegion': 'GA', 'postalCode': '30122', 'addressCountry': 'US', 'streetAddress': '2609 Lee Rd'}","{'@type': 'GeoCoordinates', 'latitude': 33.7349256, 'longitude': -84.66762949999999}","{'@type': 'AggregateRating', 'ratingValue': 4.2, 'reviewCount': '196'}"
Zaxbys (5090 Floyd Rd),https://www.ubereats.com/atlanta/food-delivery/zaxbys-5090-floyd-rd/noXnmM0TSs-9KaAgPgf1uQ,douglasville-georgia,"['American', 'Wings', 'Salads', 'Family Meals']",4.3,470,$$,33.83062,-84.576403,+17709410551,30126,5090 Floyd Rd SW,Mableton,Georgia,"[{'@type': 'OpeningHoursSpecification', 'dayOfWeek': ['Sunday', 'Monday', 'Tuesday', 'Wednesday', 'Thursday'], 'opens': '10:30', 'closes': '21:15'}, {'@type': 'OpeningHoursSpecification', 'dayOfWeek': ['Friday', 'Saturday'], 'opens': '10:30', 'closes': '22:15'}]","{'@type': 'PostalAddress', 'addressLocality': 'Mableton', 'addressRegion': 'Georgia', 'postalCode': '30126', 'addressCountry': 'US', 'streetAddress': '5090 Floyd Rd SW'}","{'@type': 'GeoCoordinates', 'latitude': 33.83062, 'longitude': -84.576403}","{'@type': 'AggregateRating', 'ratingValue': 4.3, 'reviewCount': '470'}"
Taco Bell (2720 Highway 92/Fairburn Road),https://www.ubereats.com/atlanta/food-delivery/taco-bell-2720-highway-92-fairburn-road/1CWv-A0ERCe5Bjo7nRkEXA,douglasville-georgia,"['Burritos', 'Fast Food', 'Mexican']",3.9,58,$,33.7324565,-84.66791549999999,+17704891983,30135,2720 Highway 92/Fairburn Road,Douglasville,GA,"[{'@type': 'OpeningHoursSpecification', 'dayOfWeek': ['Monday', 'Tuesday', 'Wednesday', 'Thursday', 'Friday', 'Saturday', 'Sunday'], 'opens': '14:0', 'closes': '17:0'}, {'@type': 'OpeningHoursSpecification', 'dayOfWeek': ['Monday', 'Tuesday', 'Wednesday', 'Thursday', 'Friday', 'Saturday', 'Sunday'], 'opens': '9:0', 'closes': '1:30'}, {'@type': 'OpeningHoursSpecification', 'dayOfWeek': ['Monday', 'Tuesday', 'Wednesday', 'Thursday', 'Friday', 'Saturday', 'Sunday'], 'opens': '8:0', 'closes': '10:30'}]","{'@type': 'PostalAddress', 'addressLocality': 'Douglasville', 'addressRegion': 'GA', 'postalCode': '30135', 'addressCountry': 'US', 'streetAddress': '2720 Highway 92/Fairburn Road'}","{'@type': 'GeoCoordinates', 'latitude': 33.7324565, 'longitude': -84.66791549999999}","{'@type': 'AggregateRating', 'ratingValue': 3.9, 'reviewCount': '58'}"
Del Taco (9570 Highway 5),https://www.ubereats.com/atlanta/food-delivery/del-taco-9570-highway-5/zDGZ1vSuTsONcGtXJeA_QA,douglasville-georgia,"['Mexican', 'Tacos', 'New Mexican']",4.1,19,$,33.7230869,-84.7619939,+17704890015,30134,9570 Highway 5,Douglasville,GA,"[{'@type': 'OpeningHoursSpecification', 'dayOfWeek': ['Monday', 'Tuesday', 'Wednesday', 'Thursday', 'Friday', 'Saturday', 'Sunday'], 'opens': '10:0', 'closes': '1:0'}]","{'@type': 'PostalAddress', 'addressLocality': 'Douglasville', 'addressRegion': 'GA', 'postalCode': '30134', 'addressCountry': 'US', 'streetAddress': '9570 Highway 5'}","{'@type': 'GeoCoordinates', 'latitude': 33.7230869, 'longitude': -84.7619939}","{'@type': 'AggregateRating', 'ratingValue': 4.1, 'reviewCount': '19'}"
Jersey Mike's Subs (6035 Bakers Ferry Rd.),https://www.ubereats.com/atlanta/food-delivery/jersey-mikes-subs-6035-bakers-ferry-rd/na-VHeo9RoCOiVVqhRzoZQ,douglasville-georgia,"['Sandwich', 'American']",4.4,150,$,33.7290126,-84.572959,+14043495707,30336,6035 Bakers Ferry Rd.,Atlanta,GA,"[{'@type': 'OpeningHoursSpecification', 'dayOfWeek': 'Sunday', 'opens': '10:0', 'closes': '19:30'}, {'@type': 'OpeningHoursSpecification', 'dayOfWeek': ['Monday', 'Tuesday', 'Wednesday', 'Thursday', 'Friday', 'Saturday'], 'opens': '10:0', 'closes': '20:30'}]","{'@type': 'PostalAddress', 'addressLocality': 'Atlanta', 'addressRegion': 'GA', 'postalCode': '30336', 'addressCountry': 'US', 'streetAddress': '6035 Bakers Ferry Rd.'}","{'@type': 'GeoCoordinates', 'latitude': 33.7290126, 'longitude': -84.572959}","{'@type': 'AggregateRating', 'ratingValue': 4.4, 'reviewCount': '150'}"
Hooters (5464 Wendy Bagwell Parkway),https://www.ubereats.com/atlanta/food-delivery/hooters-5464-wendy-bagwell-parkway/JY-ruMEQQbiLcaFgxNKPCg,douglasville-georgia,"['American', 'Bar Food', 'Wings', 'Sandwich']",4.2,188,$,33.885269,-84.738006,+17709438896,30141,5464 Wendy Bagwell Parkway,Hiram,GA,"[{'@type': 'OpeningHoursSpecification', 'dayOfWeek': ['Sunday', 'Monday', 'Tuesday', 'Wednesday'], 'opens': '11:0', 'closes': '21:30'}, {'@type': 'OpeningHoursSpecification', 'dayOfWeek': ['Thursday', 'Friday', 'Saturday'], 'opens': '11:0', 'closes': '22:30'}]","{'@type': 'PostalAddress', 'addressLocality': 'Hiram', 'addressRegion': 'GA', 'postalCode': '30141', 'addressCountry': 'US', 'streetAddress': '5464 Wendy Bagwell Parkway'}","{'@type': 'GeoCoordinates', 'latitude': 33.885269, 'longitude': -84.738006}","{'@type': 'AggregateRating', 'ratingValue': 4.2, 'reviewCount': '188'}"
Sakura Sushi & Grill LLC,https://www.ubereats.com/atlanta/food-delivery/sakura-sushi-%26-grill-llc/LMTGhZ63SB2avfTtyONnqg,douglasville-georgia,"['Sushi', 'Asian', 'Japanese']",4.5,167,$$$,33.7241175,-84.7360046,+14043860286,30135,"4900 Stewart Mill Rd, Suite J",Douglasville,GA,"[{'@type': 'OpeningHoursSpecification', 'dayOfWeek': ['Monday', 'Tuesday', 'Wednesday', 'Thursday'], 'opens': '11:30', 'closes': '21:30'}, {'@type': 'OpeningHoursSpecification', 'dayOfWeek': ['Friday', 'Saturday'], 'opens': '11:30', 'closes': '22:0'}]","{'@type': 'PostalAddress', 'addressLocality': 'Douglasville', 'addressRegion': 'GA', 'postalCode': '30135', 'addressCountry': 'US', 'streetAddress': '4900 Stewart Mill Rd, Suite J'}","{'@type': 'GeoCoordinates', 'latitude': 33.7241175, 'longitude': -84.7360046}","{'@type': 'AggregateRating', 'ratingValue': 4.5, 'reviewCount': '167'}"
Chick-fil-A  (5888 Fairburn Rd),https://www.ubereats.com/atlanta/food-delivery/chick-fil-a-5888-fairburn-rd/kIOtzV6zS56u-IU6zT7QIA,douglasville-georgia,"['American', 'Fried Chicken']",4.5,104,$,33.75081790000001,-84.7265974,+17709420820,30134,5888 Fairburn Rd,Douglasville,GA,"[{'@type': 'OpeningHoursSpecification', 'dayOfWeek': ['Monday', 'Tuesday', 'Wednesday', 'Thursday', 'Friday', 'Saturday'], 'opens': '6:0', 'closes': '10:0'}, {'@type': 'OpeningHoursSpecification', 'dayOfWeek': ['Monday', 'Tuesday', 'Wednesday', 'Thursday', 'Friday', 'Saturday'], 'opens': '10:0', 'closes': '20:30'}]","{'@type': 'PostalAddress', 'addressLocality': 'Douglasville', 'addressRegion': 'GA', 'postalCode': '30134', 'addressCountry': 'US', 'streetAddress': '5888 Fairburn Rd'}","{'@type': 'GeoCoordinates', 'latitude': 33.75081790000001, 'longitude': -84.7265974}","{'@type': 'AggregateRating', 'ratingValue': 4.5, 'reviewCount': '104'}"
"Papa John's (4400 Brownsville Road, Suite 110)",https://www.ubereats.com/atlanta/food-delivery/papa-johns-4400-brownsville-road-suite-110/ZRlV6KNFQfGTqBEwK6j03w,douglasville-georgia,"['PIzza', 'Pasta', 'Burgers']",4.7,34,$$,33.8460219,-84.6990946,+17704393878,30127,4400 Brownsville Road,Powder Springs,GA,"[{'@type': 'OpeningHoursSpecification', 'dayOfWeek': ['Sunday', 'Monday', 'Tuesday', 'Wednesday', 'Thursday'], 'opens': '10:0', 'closes': '22:25'}, {'@type': 'OpeningHoursSpecification', 'dayOfWeek': ['Friday', 'Saturday'], 'opens': '10:0', 'closes': '23:25'}]","{'@type': 'PostalAddress', 'addressLocality': 'Powder Springs', 'addressRegion': 'GA', 'postalCode': '30127', 'addressCountry': 'US', 'streetAddress': '4400 Brownsville Road'}","{'@type': 'GeoCoordinates', 'latitude': 33.8460219, 'longitude': -84.6990946}","{'@type': 'AggregateRating', 'ratingValue': 4.7, 'reviewCount': '34'}"
Panda Express (4795 Jimmy Lee Smith Parkway),https://www.ubereats.com/atlanta/food-delivery/panda-express-4795-jimmy-lee-smith-parkway/i61y3we2TVWZ8d-kD3JsCg,douglasville-georgia,"['Chinese', 'Family Meals']",4.4,220,$,33.890031,-84.7478891,+17702226137,30141,4795 Jimmy Lee Smith Parkway,Hiram,GA,"[{'@type': 'OpeningHoursSpecification', 'dayOfWeek': 'Sunday', 'opens': '11:0', 'closes': '8:30'}, {'@type': 'OpeningHoursSpecification', 'dayOfWeek': ['Monday', 'Tuesday', 'Wednesday', 'Thursday'], 'opens': '10:30', 'closes': '20:30'}, {'@type': 'OpeningHoursSpecification', 'dayOfWeek': ['Friday', 'Saturday'], 'opens': '10:30', 'closes': '21:0'}]","{'@type': 'PostalAddress', 'addressLocality': 'Hiram', 'addressRegion': 'GA', 'postalCode': '30141', 'addressCountry': 'US', 'streetAddress': '4795 Jimmy Lee Smith Parkway'}","{'@type': 'GeoCoordinates', 'latitude': 33.890031, 'longitude': -84.7478891}","{'@type': 'AggregateRating', 'ratingValue': 4.4, 'reviewCount': '220'}"
Thai of Austell,https://www.ubereats.com/atlanta/food-delivery/thai-of-austell/BuA8k28eSC-fuLNQKPKv3w,douglasville-georgia,['Thai'],4.8,219,$$,33.8565,-84.6012,+17707452225,30106,3999,Austell,GA,"[{'@type': 'OpeningHoursSpecification', 'dayOfWeek': ['Monday', 'Tuesday', 'Wednesday', 'Thursday'], 'opens': '11:30', 'closes': '2:15'}, {'@type': 'OpeningHoursSpecification', 'dayOfWeek': ['Monday', 'Tuesday', 'Wednesday', 'Thursday'], 'opens': '17:0', 'closes': '21:15'}, {'@type': 'OpeningHoursSpecification', 'dayOfWeek': 'Friday', 'opens': '11:30', 'closes': '2:15'}, {'@type': 'OpeningHoursSpecification', 'dayOfWeek': 'Friday', 'opens': '17:0', 'closes': '9:45'}, {'@type': 'OpeningHoursSpecification', 'dayOfWeek': 'Saturday', 'opens': '17:0', 'closes': '9:45'}]","{'@type': 'PostalAddress', 'addressLocality': 'Austell', 'addressRegion': 'GA', 'postalCode': '30106', 'addressCountry': 'US', 'streetAddress': '3999'}","{'@type': 'GeoCoordinates', 'latitude': 33.8565, 'longitude': -84.6012}","{'@type': 'AggregateRating', 'ratingValue': 4.8, 'reviewCount': '219'}"
The Mustard Seed BBQ,https://www.ubereats.com/atlanta/food-delivery/the-mustard-seed-bbq/bgNqsvIPTuWFYCiGOkiTqQ,douglasville-georgia,"['BBQ', 'Sandwich', 'Steak', 'American']",4.5,155,$$,33.593462099999996,-84.6397784,+14042540658,30213,6000 Lynmark Way (Ste 101-102),Fairburn,GA,"[{'@type': 'OpeningHoursSpecification', 'dayOfWeek': ['Monday', 'Tuesday', 'Wednesday', 'Thursday', 'Friday', 'Saturday', 'Sunday'], 'opens': '12:0', 'closes': '20:0'}]","{'@type': 'PostalAddress', 'addressLocality': 'Fairburn', 'addressRegion': 'GA', 'postalCode': '30213', 'addressCountry': 'US', 'streetAddress': '6000 Lynmark Way (Ste 101-102)'}","{'@type': 'GeoCoordinates', 'latitude': 33.593462099999996, 'longitude': -84.6397784}","{'@type': 'AggregateRating', 'ratingValue': 4.5, 'reviewCount': '155'}"
Zaxbys (4560 Jimmy Lee Smith Pkwy),https://www.ubereats.com/atlanta/food-delivery/zaxbys-4560-jimmy-lee-smith-pkwy/rpZ01ZoMTh6e7hHZBpLcTQ,douglasville-georgia,"['American', 'Wings', 'Salads']",4.4,202,$,33.8902304,-84.75273380000002,+17702222078,30141,4560 Jimmy Lee Smith Pkwy,Hiram,GA,"[{'@type': 'OpeningHoursSpecification', 'dayOfWeek': ['Monday', 'Tuesday', 'Wednesday', 'Thursday', 'Friday', 'Saturday', 'Sunday'], 'opens': '10:30', 'closes': '21:30'}]","{'@type': 'PostalAddress', 'addressLocality': 'Hiram', 'addressRegion': 'GA', 'postalCode': '30141', 'addressCountry': 'US', 'streetAddress': '4560 Jimmy Lee Smith Pkwy'}","{'@type': 'GeoCoordinates', 'latitude': 33.8902304, 'longitude': -84.75273380000002}","{'@type': 'AggregateRating', 'ratingValue': 4.4, 'reviewCount': '202'}"
Pizza J,https://www.ubereats.com/atlanta/food-delivery/pizza-j/EPPpd09hRu2mbZnLg5-CFQ,douglasville-georgia,"['Pizza', 'Wings']",4.1,22,$,33.789677,-84.575124,+17704855744,30126,670 South Gordon Rd SW,Mableton,GA,"[{'@type': 'OpeningHoursSpecification', 'dayOfWeek': 'Sunday', 'opens': '14:30', 'closes': '20:0'}, {'@type': 'OpeningHoursSpecification', 'dayOfWeek': ['Monday', 'Tuesday', 'Wednesday', 'Thursday', 'Friday', 'Saturday'], 'opens': '11:30', 'closes': '21:0'}]","{'@type': 'PostalAddress', 'addressLocality': 'Mableton', 'addressRegion': 'GA', 'postalCode': '30126', 'addressCountry': 'US', 'streetAddress': '670 South Gordon Rd SW'}","{'@type': 'GeoCoordinates', 'latitude': 33.789677, 'longitude': -84.575124}","{'@type': 'AggregateRating', 'ratingValue': 4.1, 'reviewCount': '22'}"
Arden's Garden (Douglasville),https://www.ubereats.com/atlanta/food-delivery/ardens-garden-douglasville/JAFnl8QtTvSkN6XyMwxZtA,douglasville-georgia,"['Juice and Smoothies', 'Healthy', 'Salads']",4.8,20,$,33.7241334,-84.767174,+17707260918,30135,7421 Douglas Blvd Ste P,Douglasville,GA,"[{'@type': 'OpeningHoursSpecification', 'dayOfWeek': 'Sunday', 'opens': '10:30', 'closes': '17:30'}, {'@type': 'OpeningHoursSpecification', 'dayOfWeek': ['Monday', 'Tuesday', 'Wednesday', 'Thursday', 'Friday'], 'opens': '8:30', 'closes': '19:30'}, {'@type': 'OpeningHoursSpecification', 'dayOfWeek': 'Saturday', 'opens': '9:30', 'closes': '18:30'}]","{'@type': 'PostalAddress', 'addressLocality': 'Douglasville', 'addressRegion': 'GA', 'postalCode': '30135', 'addressCountry': 'US', 'streetAddress': '7421 Douglas Blvd Ste P'}","{'@type': 'GeoCoordinates', 'latitude': 33.7241334, 'longitude': -84.767174}","{'@type': 'AggregateRating', 'ratingValue': 4.8, 'reviewCount': '20'}"
Wingolicious,https://www.ubereats.com/atlanta/food-delivery/wingolicious/huGtGwWuRh6HQJB4b_yB2Q,douglasville-georgia,"['Mediterranean', 'Salads', 'Pizza']",4.2,26,$,33.7775036,-84.5671891,+17706272888,,,,,"[{'@type': 'OpeningHoursSpecification', 'dayOfWeek': ['Monday', 'Tuesday', 'Wednesday', 'Thursday', 'Friday', 'Saturday', 'Sunday'], 'opens': '11:0', 'closes': '21:30'}, {'@type': 'OpeningHoursSpecification', 'dayOfWeek': ['Monday', 'Tuesday', 'Wednesday', 'Thursday', 'Friday', 'Saturday', 'Sunday'], 'opens': '11:0', 'closes': '15:0'}]",,"{'@type': 'GeoCoordinates', 'latitude': 33.7775036, 'longitude': -84.5671891}","{'@type': 'AggregateRating', 'ratingValue': 4.2, 'reviewCount': '26'}"
WNB Factory Wings & Burger  - Douglasville 2,https://www.ubereats.com/atlanta/food-delivery/wnb-factory-wings-%26-burger-douglasville-2/4LA3E4VuTrmJ7BLYzfsvRg,douglasville-georgia,"['Wings', 'Burgers', 'Sandwich', 'Family Meals']",4.1,68,$,33.7191709,-84.7657701,+14707557255,,,,,"[{'@type': 'OpeningHoursSpecification', 'dayOfWeek': 'Sunday', 'opens': '12:0', 'closes': '18:30'}, {'@type': 'OpeningHoursSpecification', 'dayOfWeek': ['Monday', 'Tuesday', 'Wednesday', 'Thursday', 'Friday', 'Saturday'], 'opens': '11:0', 'closes': '19:30'}]",,"{'@type': 'GeoCoordinates', 'latitude': 33.7191709, 'longitude': -84.7657701}","{'@type': 'AggregateRating', 'ratingValue': 4.1, 'reviewCount': '68'}"
Exquisite Catering by Lismore,https://www.ubereats.com/atlanta/food-delivery/exquisite-catering-by-lismore/FtxI9PSLQ-KWpekPXmagqg,douglasville-georgia,"['Breakfast and Brunch', 'Chicken', 'Wings']",,,$,33.7989723,-84.6206447,+17707450993,30168,211 Maxham Rd,Austell,GA,"[{'@type': 'OpeningHoursSpecification', 'dayOfWeek': ['Monday', 'Tuesday', 'Wednesday', 'Thursday', 'Friday'], 'opens': '11:0', 'closes': '19:0'}]","{'@type': 'PostalAddress', 'addressLocality': 'Austell', 'addressRegion': 'GA', 'postalCode': '30168', 'addressCountry': 'US', 'streetAddress': '211 Maxham Rd'}","{'@type': 'GeoCoordinates', 'latitude': 33.7989723, 'longitude': -84.6206447}",{}
Fabiano's Pizzeria,https://www.ubereats.com/atlanta/food-delivery/fabianos-pizzeria/MQn24eHtSvesoy4ZDKLT7w,douglasville-georgia,"['Pizza', 'Italian', 'Pasta', 'Wings']",,,$,33.750812,-84.748952,+16787153344,30134,6698 W Broad St,Douglasville,GA,"[{'@type': 'OpeningHoursSpecification', 'dayOfWeek': ['Monday', 'Tuesday', 'Wednesday', 'Thursday', 'Friday', 'Saturday', 'Sunday'], 'opens': '11:0', 'closes': '22:0'}]","{'@type': 'PostalAddress', 'addressLocality': 'Douglasville', 'addressRegion': 'GA', 'postalCode': '30134', 'addressCountry': 'US', 'streetAddress': '6698 W Broad St'}","{'@type': 'GeoCoordinates', 'latitude': 33.750812, 'longitude': -84.748952}",{}
Krystal (5716 Fairburn Rd),https://www.ubereats.com/atlanta/food-delivery/krystal-5716-fairburn-rd/WAJJHwXhSYeT7S80YPTSTg,douglasville-georgia,"['American', 'Burgers', 'Fast Food']",3.6,62,$,33.750814,-84.721669,+17709491834,30134,5716 Fairburn Rd,Douglasville,GA,"[{'@type': 'OpeningHoursSpecification', 'dayOfWeek': ['Monday', 'Tuesday', 'Wednesday', 'Thursday', 'Friday', 'Saturday', 'Sunday'], 'opens': '5:0', 'closes': '11:0'}, {'@type': 'OpeningHoursSpecification', 'dayOfWeek': ['Monday', 'Tuesday', 'Wednesday', 'Thursday', 'Friday', 'Saturday', 'Sunday'], 'opens': '6:0', 'closes': '23:59'}]","{'@type': 'PostalAddress', 'addressLocality': 'Douglasville', 'addressRegion': 'GA', 'postalCode': '30134', 'addressCountry': 'US', 'streetAddress': '5716 Fairburn Rd'}","{'@type': 'GeoCoordinates', 'latitude': 33.750814, 'longitude': -84.721669}","{'@type': 'AggregateRating', 'ratingValue': 3.6, 'reviewCount': '62'}"
Johnny's New York Style Pizza (Powder Springs),https://www.ubereats.com/atlanta/food-delivery/johnnys-new-york-style-pizza-powder-springs/iGR2e6YUSseDfH99Bu0-ow,douglasville-georgia,['Pizza'],4.5,56,$,33.864806,-84.68013,+16784836186,30127,1050 Richard D Sailors Pkwy,Powder Springs,GA,"[{'@type': 'OpeningHoursSpecification', 'dayOfWeek': 'Sunday', 'opens': '12:0', 'closes': '19:30'}, {'@type': 'OpeningHoursSpecification', 'dayOfWeek': ['Monday', 'Tuesday', 'Wednesday', 'Thursday'], 'opens': '12:0', 'closes': '19:30'}, {'@type': 'OpeningHoursSpecification', 'dayOfWeek': ['Monday', 'Tuesday', 'Wednesday', 'Thursday'], 'opens': '11:0', 'closes': '15:0'}, {'@type': 'OpeningHoursSpecification', 'dayOfWeek': 'Friday', 'opens': '0:0', 'closes': '20:30'}, {'@type': 'OpeningHoursSpecification', 'dayOfWeek': 'Friday', 'opens': '11:0', 'closes': '15:0'}, {'@type': 'OpeningHoursSpecification', 'dayOfWeek': 'Saturday', 'opens': '0:0', 'closes': '20:30'}]","{'@type': 'PostalAddress', 'addressLocality': 'Powder Springs', 'addressRegion': 'GA', 'postalCode': '30127', 'addressCountry': 'US', 'streetAddress': '1050 Richard D Sailors Pkwy'}","{'@type': 'GeoCoordinates', 'latitude': 33.864806, 'longitude': -84.68013}","{'@type': 'AggregateRating', 'ratingValue': 4.5, 'reviewCount': '56'}"
Zaxby's (Camp Fulton Pkwy),https://www.ubereats.com/atlanta/food-delivery/zaxbys-camp-fulton-pkwy/26U8eWaQSuajaozkjXUd1w,douglasville-georgia,"['American', 'Wings', 'Salads', 'Family Meals']",4.1,308,$$,33.728591,-84.573622,+14046296770,30336,925 Camp Fulton Way,Atlanta,GA,"[{'@type': 'OpeningHoursSpecification', 'dayOfWeek': ['Monday', 'Tuesday', 'Wednesday', 'Thursday', 'Friday', 'Saturday', 'Sunday'], 'opens': '10:30', 'closes': '21:30'}]","{'@type': 'PostalAddress', 'addressLocality': 'Atlanta', 'addressRegion': 'GA', 'postalCode': '30336', 'addressCountry': 'US', 'streetAddress': '925 Camp Fulton Way'}","{'@type': 'GeoCoordinates', 'latitude': 33.728591, 'longitude': -84.573622}","{'@type': 'AggregateRating', 'ratingValue': 4.1, 'reviewCount': '308'}"
Los Portales Mexican Restaurant (Powder Springs),https://www.ubereats.com/atlanta/food-delivery/los-portales-mexican-restaurant-powder-springs/g5wA1U6gR0a3TvmWuzjy8A,douglasville-georgia,"['Mexican', 'Latin American', 'New Mexican']",,,$,33.8581551,-84.6736965,+16784038569,30127,4093 Marietta St,Powder Springs,GA,"[{'@type': 'OpeningHoursSpecification', 'dayOfWeek': 'Sunday', 'opens': '11:0', 'closes': '21:30'}, {'@type': 'OpeningHoursSpecification', 'dayOfWeek': 'Sunday', 'opens': '11:0', 'closes': '21:30'}, {'@type': 'OpeningHoursSpecification', 'dayOfWeek': 'Sunday', 'opens': '11:0', 'closes': '21:30'}, {'@type': 'OpeningHoursSpecification', 'dayOfWeek': ['Monday', 'Tuesday', 'Wednesday', 'Thursday'], 'opens': '11:0', 'closes': '22:0'}, {'@type': 'OpeningHoursSpecification', 'dayOfWeek': ['Monday', 'Tuesday', 'Wednesday', 'Thursday'], 'opens': '11:0', 'closes': '22:0'}, {'@type': 'OpeningHoursSpecification', 'dayOfWeek': ['Monday', 'Tuesday', 'Wednesday', 'Thursday'], 'opens': '11:0', 'closes': '22:0'}, {'@type': 'OpeningHoursSpecification', 'dayOfWeek': ['Friday', 'Saturday'], 'opens': '11:0', 'closes': '22:30'}, {'@type': 'OpeningHoursSpecification', 'dayOfWeek': ['Friday', 'Saturday'], 'opens': '11:0', 'closes': '22:30'}, {'@type': 'OpeningHoursSpecification', 'dayOfWeek': ['Friday', 'Saturday'], 'opens': '11:0', 'closes': '22:30'}]","{'@type': 'PostalAddress', 'addressLocality': 'Powder Springs', 'addressRegion': 'GA', 'postalCode': '30127', 'addressCountry': 'US', 'streetAddress': '4093 Marietta St'}","{'@type': 'GeoCoordinates', 'latitude': 33.8581551, 'longitude': -84.6736965}",{}
Zaxby's (7035 Concourse Pkwy),https://www.ubereats.com/atlanta/food-delivery/zaxbys-7035-concourse-pkwy/57l2-O2MSJ6289iiBL1GJw,douglasville-georgia,"['American', 'Wings', 'Salads', 'Family Meals']",4.2,159,$,33.7307513,-84.7589345,+17704890787,30134,7035 Concourse Pkwy,Douglasville,GA,"[{'@type': 'OpeningHoursSpecification', 'dayOfWeek': ['Monday', 'Tuesday', 'Wednesday', 'Thursday', 'Friday', 'Saturday', 'Sunday'], 'opens': '10:30', 'closes': '21:30'}]","{'@type': 'PostalAddress', 'addressLocality': 'Douglasville', 'addressRegion': 'GA', 'postalCode': '30134', 'addressCountry': 'US', 'streetAddress': '7035 Concourse Pkwy'}","{'@type': 'GeoCoordinates', 'latitude': 33.7307513, 'longitude': -84.7589345}","{'@type': 'AggregateRating', 'ratingValue': 4.2, 'reviewCount': '159'}"
Carrabba's (2700 Chapel Hill Road),https://www.ubereats.com/atlanta/food-delivery/carrabbas-2700-chapel-hill-road/3f_q5Xw_TDKtPy2K_fft2Q,douglasville-georgia,"['Italian', 'Family Meals']",4.5,119,$$,33.7318834,-84.7363925,+17709470330,30135,2700 Chapel Hill Road,Douglasville,GA,"[{'@type': 'OpeningHoursSpecification', 'dayOfWeek': 'Sunday', 'opens': '11:0', 'closes': '22:0'}, {'@type': 'OpeningHoursSpecification', 'dayOfWeek': ['Monday', 'Tuesday', 'Wednesday', 'Thursday'], 'opens': '16:0', 'closes': '22:0'}, {'@type': 'OpeningHoursSpecification', 'dayOfWeek': ['Friday', 'Saturday'], 'opens': '11:0', 'closes': '23:0'}]","{'@type': 'PostalAddress', 'addressLocality': 'Douglasville', 'addressRegion': 'GA', 'postalCode': '30135', 'addressCountry': 'US', 'streetAddress': '2700 Chapel Hill Road'}","{'@type': 'GeoCoordinates', 'latitude': 33.7318834, 'longitude': -84.7363925}","{'@type': 'AggregateRating', 'ratingValue': 4.5, 'reviewCount': '119'}"
Cracker Barrel Old Country Store (970 W. Pointe Ct.),https://www.ubereats.com/atlanta/food-delivery/cracker-barrel-old-country-store-970-w-pointe-ct/uwHBLTHVThC3_8Tp4Tuz0Q,douglasville-georgia,"['Burgers', 'American', 'Sandwiches', 'Family Meals']",4.3,286,$,33.7745722,-84.60584039999999,+16783988568,30122,970 W. Pointe Ct.,Lithia Springs,GA,"[{'@type': 'OpeningHoursSpecification', 'dayOfWeek': ['Sunday', 'Monday', 'Tuesday', 'Wednesday', 'Thursday'], 'opens': '7:30', 'closes': '20:0'}, {'@type': 'OpeningHoursSpecification', 'dayOfWeek': ['Sunday', 'Monday', 'Tuesday', 'Wednesday', 'Thursday'], 'opens': '10:30', 'closes': '20:0'}, {'@type': 'OpeningHoursSpecification', 'dayOfWeek': ['Friday', 'Saturday'], 'opens': '7:30', 'closes': '21:0'}, {'@type': 'OpeningHoursSpecification', 'dayOfWeek': ['Friday', 'Saturday'], 'opens': '10:30', 'closes': '21:0'}]","{'@type': 'PostalAddress', 'addressLocality': 'Lithia Springs', 'addressRegion': 'GA', 'postalCode': '30122', 'addressCountry': 'US', 'streetAddress': '970 W. Pointe Ct.'}","{'@type': 'GeoCoordinates', 'latitude': 33.7745722, 'longitude': -84.60584039999999}","{'@type': 'AggregateRating', 'ratingValue': 4.3, 'reviewCount': '286'}"
Atlantic Buffet,https://www.ubereats.com/atlanta/food-delivery/atlantic-buffet/FlCK2qCTT2CwTi2OGt9LPQ,douglasville-georgia,"['Comfort Food', 'American', 'Wings']",,,$$,33.7295757,-84.76061779999999,+16788388883,30134,7090 Concourse Pkwy,Douglasville,GA,"[{'@type': 'OpeningHoursSpecification', 'dayOfWeek': 'Sunday', 'opens': '11:0', 'closes': '21:0'}, {'@type': 'OpeningHoursSpecification', 'dayOfWeek': ['Monday', 'Tuesday', 'Wednesday', 'Thursday'], 'opens': '11:0', 'closes': '20:0'}, {'@type': 'OpeningHoursSpecification', 'dayOfWeek': ['Friday', 'Saturday'], 'opens': '11:0', 'closes': '21:0'}]","{'@type': 'PostalAddress', 'addressLocality': 'Douglasville', 'addressRegion': 'GA', 'postalCode': '30134', 'addressCountry': 'US', 'streetAddress': '7090 Concourse Pkwy'}","{'@type': 'GeoCoordinates', 'latitude': 33.7295757, 'longitude': -84.76061779999999}",{}
McDonald's® (2805 LEE RD),https://www.ubereats.com/atlanta/food-delivery/mcdonalds-2805-lee-rd/hObh-_WrQP6b88OqBNzHMw,douglasville-georgia,"['American', 'Burgers', 'Fast Food']",4.2,108,$,33.733509,-84.668965,+16788387013,30122-3368,2805 LEE RD,LITHIA SPRINGS,GA,"[{'@type': 'OpeningHoursSpecification', 'dayOfWeek': 'Sunday', 'opens': '5:0', 'closes': '10:59'}, {'@type': 'OpeningHoursSpecification', 'dayOfWeek': 'Sunday', 'opens': '11:0', 'closes': '16:59'}, {'@type': 'OpeningHoursSpecification', 'dayOfWeek': 'Sunday', 'opens': '17:0', 'closes': '23:44'}, {'@type': 'OpeningHoursSpecification', 'dayOfWeek': ['Monday', 'Tuesday', 'Wednesday', 'Thursday'], 'opens': '5:0', 'closes': '10:29'}, {'@type': 'OpeningHoursSpecification', 'dayOfWeek': ['Monday', 'Tuesday', 'Wednesday', 'Thursday'], 'opens': '10:30', 'closes': '16:59'}, {'@type': 'OpeningHoursSpecification', 'dayOfWeek': ['Monday', 'Tuesday', 'Wednesday', 'Thursday'], 'opens': '17:0', 'closes': '23:44'}, {'@type': 'OpeningHoursSpecification', 'dayOfWeek': 'Friday', 'opens': '5:0', 'closes': '10:29'}, {'@type': 'OpeningHoursSpecification', 'dayOfWeek': 'Friday', 'opens': '10:30', 'closes': '16:59'}, {'@type': 'OpeningHoursSpecification', 'dayOfWeek': 'Friday', 'opens': '17:0', 'closes': '4:59'}, {'@type': 'OpeningHoursSpecification', 'dayOfWeek': 'Saturday', 'opens': '5:0', 'closes': '10:59'}, {'@type': 'OpeningHoursSpecification', 'dayOfWeek': 'Saturday', 'opens': '11:0', 'closes': '16:59'}, {'@type': 'OpeningHoursSpecification', 'dayOfWeek': 'Saturday', 'opens': '17:0', 'closes': '4:59'}]","{'@type': 'PostalAddress', 'addressLocality': 'LITHIA SPRINGS', 'addressRegion': 'GA', 'postalCode': '30122-3368', 'addressCountry': 'US', 'streetAddress': '2805 LEE RD'}","{'@type': 'GeoCoordinates', 'latitude': 33.733509, 'longitude': -84.668965}","{'@type': 'AggregateRating', 'ratingValue': 4.2, 'reviewCount': '108'}"
Macland Wings Inc,https://www.ubereats.com/atlanta/food-delivery/macland-wings-inc/dHFlCinbR5enApXR1hOtyg,douglasville-georgia,"['Burgers', 'American', 'Sandwiches']",4.2,130,$$$,33.8584089,-84.6752365,+17709433552,30127,4181 Marietta St,Powder Springs,GA,"[{'@type': 'OpeningHoursSpecification', 'dayOfWeek': ['Sunday', 'Monday', 'Tuesday', 'Wednesday', 'Thursday'], 'opens': '11:0', 'closes': '21:0'}, {'@type': 'OpeningHoursSpecification', 'dayOfWeek': ['Friday', 'Saturday'], 'opens': '11:0', 'closes': '21:0'}, {'@type': 'OpeningHoursSpecification', 'dayOfWeek': ['Friday', 'Saturday'], 'opens': '11:0', 'closes': '22:30'}]","{'@type': 'PostalAddress', 'addressLocality': 'Powder Springs', 'addressRegion': 'GA', 'postalCode': '30127', 'addressCountry': 'US', 'streetAddress': '4181 Marietta St'}","{'@type': 'GeoCoordinates', 'latitude': 33.8584089, 'longitude': -84.6752365}","{'@type': 'AggregateRating', 'ratingValue': 4.2, 'reviewCount': '130'}"
Subway (2765 Lee Rd),https://www.ubereats.com/atlanta/food-delivery/subway-2765-lee-rd/vffltxeOS2GfRv0e6Xb8ZQ,douglasville-georgia,"['Fast Food', 'Sandwich', 'American']",4.0,39,$,33.734761,-84.6691598,+16788380980,,,,,"[{'@type': 'OpeningHoursSpecification', 'dayOfWeek': 'Sunday', 'opens': '10:0', 'closes': '22:0'}, {'@type': 'OpeningHoursSpecification', 'dayOfWeek': ['Monday', 'Tuesday', 'Wednesday', 'Thursday', 'Friday'], 'opens': '9:30', 'closes': '22:0'}, {'@type': 'OpeningHoursSpecification', 'dayOfWeek': 'Saturday', 'opens': '10:0', 'closes': '22:0'}]",,"{'@type': 'GeoCoordinates', 'latitude': 33.734761, 'longitude': -84.6691598}","{'@type': 'AggregateRating', 'ratingValue': 4, 'reviewCount': '39'}"
Cracker Barrel Old Country Store (7060 CONCOURSE PKWY),https://www.ubereats.com/atlanta/food-delivery/cracker-barrel-old-country-store-7060-concourse-pkwy/ehzKAklNTf-ucpJvyMSGow,douglasville-georgia,"['Burgers', 'American', 'Sandwiches', 'Family Meals']",4.4,171,$,33.7294797,-84.7597504,+17704898588,30134,7060 CONCOURSE PKWY,DOUGLASVILLE,GA,"[{'@type': 'OpeningHoursSpecification', 'dayOfWeek': ['Sunday', 'Monday', 'Tuesday', 'Wednesday', 'Thursday'], 'opens': '7:30', 'closes': '20:0'}, {'@type': 'OpeningHoursSpecification', 'dayOfWeek': ['Sunday', 'Monday', 'Tuesday', 'Wednesday', 'Thursday'], 'opens': '10:30', 'closes': '20:0'}, {'@type': 'OpeningHoursSpecification', 'dayOfWeek': ['Friday', 'Saturday'], 'opens': '7:30', 'closes': '21:0'}, {'@type': 'OpeningHoursSpecification', 'dayOfWeek': ['Friday', 'Saturday'], 'opens': '10:30', 'closes': '21:0'}]","{'@type': 'PostalAddress', 'addressLocality': 'DOUGLASVILLE', 'addressRegion': 'GA', 'postalCode': '30134', 'addressCountry': 'US', 'streetAddress': '7060 CONCOURSE PKWY'}","{'@type': 'GeoCoordinates', 'latitude': 33.7294797, 'longitude': -84.7597504}","{'@type': 'AggregateRating', 'ratingValue': 4.4, 'reviewCount': '171'}"
"Zaxbys (650 Maxham Rd Lithia Springs, GA 30122)",https://www.ubereats.com/atlanta/food-delivery/zaxbys-650-maxham-rd-lithia-springs-ga-30122/7278LAvhTIugwjj_TLeE1w,douglasville-georgia,"['American', 'Wings', 'Salads', 'Family Meals']",4.1,142,$,33.7878145,-84.6226688,+17707398318,30122,650 Maxham Rd,Lithia Springs,GA,"[{'@type': 'OpeningHoursSpecification', 'dayOfWeek': ['Monday', 'Tuesday', 'Wednesday', 'Thursday', 'Friday', 'Saturday', 'Sunday'], 'opens': '11:0', 'closes': '20:30'}]","{'@type': 'PostalAddress', 'addressLocality': 'Lithia Springs', 'addressRegion': 'GA', 'postalCode': '30122', 'addressCountry': 'US', 'streetAddress': '650 Maxham Rd'}","{'@type': 'GeoCoordinates', 'latitude': 33.7878145, 'longitude': -84.6226688}","{'@type': 'AggregateRating', 'ratingValue': 4.1, 'reviewCount': '142'}"
Buffalo Wild Wings (6790 Douglas Blvd),https://www.ubereats.com/atlanta/food-delivery/buffalo-wild-wings-6790-douglas-blvd/fyDiZV9pTZ-z9kuLVBkf0g,douglasville-georgia,"['wings', 'Kids Friendly', 'Burgers']",4.1,37,$$,33.7286148,-84.751673,+16783918470,30135,6790 Douglas Blvd,Douglasville,GA,"[{'@type': 'OpeningHoursSpecification', 'dayOfWeek': ['Monday', 'Tuesday', 'Wednesday', 'Thursday', 'Friday', 'Saturday', 'Sunday'], 'opens': '11:0', 'closes': '21:0'}]","{'@type': 'PostalAddress', 'addressLocality': 'Douglasville', 'addressRegion': 'GA', 'postalCode': '30135', 'addressCountry': 'US', 'streetAddress': '6790 Douglas Blvd'}","{'@type': 'GeoCoordinates', 'latitude': 33.7286148, 'longitude': -84.751673}","{'@type': 'AggregateRating', 'ratingValue': 4.1, 'reviewCount': '37'}"
Dragon 168,https://www.ubereats.com/atlanta/food-delivery/dragon-168/-2XglNJhRe-6KopiKQWBBg,douglasville-georgia,"['Chinese', 'Comfort Food', 'Noodles']",4.1,160,$,33.894484,-84.7578108,+17709437388,30141,4215 Jimmy Lee Smith Pkwy,Hiram,GA,"[{'@type': 'OpeningHoursSpecification', 'dayOfWeek': 'Sunday', 'opens': '11:0', 'closes': '21:0'}, {'@type': 'OpeningHoursSpecification', 'dayOfWeek': 'Sunday', 'opens': '11:0', 'closes': '16:0'}, {'@type': 'OpeningHoursSpecification', 'dayOfWeek': ['Tuesday', 'Wednesday', 'Thursday', 'Friday', 'Saturday'], 'opens': '11:0', 'closes': '21:0'}, {'@type': 'OpeningHoursSpecification', 'dayOfWeek': ['Tuesday', 'Wednesday', 'Thursday', 'Friday', 'Saturday'], 'opens': '11:0', 'closes': '16:0'}]","{'@type': 'PostalAddress', 'addressLocality': 'Hiram', 'addressRegion': 'GA', 'postalCode': '30141', 'addressCountry': 'US', 'streetAddress': '4215 Jimmy Lee Smith Pkwy'}","{'@type': 'GeoCoordinates', 'latitude': 33.894484, 'longitude': -84.7578108}","{'@type': 'AggregateRating', 'ratingValue': 4.1, 'reviewCount': '160'}"
Krispy Krunchy Chicken (Fairburn 1),https://www.ubereats.com/atlanta/food-delivery/krispy-krunchy-chicken-fairburn-1/ZKO3_yn_SoOYofBMdt_FlA,douglasville-georgia,"['American', 'Fast Food', 'Chicken', 'Wings']",4.1,10,$,33.5943224,-84.64000829999999,+17707748880,30213,6015 Lynmark Way,Fairburn,GA,"[{'@type': 'OpeningHoursSpecification', 'dayOfWeek': ['Monday', 'Tuesday', 'Wednesday', 'Thursday', 'Friday', 'Saturday'], 'opens': '8:0', 'closes': '17:30'}]","{'@type': 'PostalAddress', 'addressLocality': 'Fairburn', 'addressRegion': 'GA', 'postalCode': '30213', 'addressCountry': 'US', 'streetAddress': '6015 Lynmark Way'}","{'@type': 'GeoCoordinates', 'latitude': 33.5943224, 'longitude': -84.64000829999999}","{'@type': 'AggregateRating', 'ratingValue': 4.1, 'reviewCount': '10'}"
Johnny's New York Style Pizza (Hiram),https://www.ubereats.com/atlanta/food-delivery/johnnys-new-york-style-pizza-hiram/4j5lkyynSZqzxcOvjYoW3A,douglasville-georgia,"['Pizza', 'Italian', 'Pasta']",4.5,148,$$,33.8908,-84.755916,+17704390109,30141-2728,66,Hiram,GA,"[{'@type': 'OpeningHoursSpecification', 'dayOfWeek': 'Sunday', 'opens': '11:0', 'closes': '19:30'}, {'@type': 'OpeningHoursSpecification', 'dayOfWeek': 'Monday', 'opens': '11:0', 'closes': '19:30'}, {'@type': 'OpeningHoursSpecification', 'dayOfWeek': 'Monday', 'opens': '11:0', 'closes': '15:0'}, {'@type': 'OpeningHoursSpecification', 'dayOfWeek': 'Monday', 'opens': '11:0', 'closes': '22:0'}, {'@type': 'OpeningHoursSpecification', 'dayOfWeek': ['Tuesday', 'Wednesday', 'Thursday'], 'opens': '11:0', 'closes': '19:30'}, {'@type': 'OpeningHoursSpecification', 'dayOfWeek': ['Tuesday', 'Wednesday', 'Thursday'], 'opens': '11:0', 'closes': '15:0'}, {'@type': 'OpeningHoursSpecification', 'dayOfWeek': 'Friday', 'opens': '11:0', 'closes': '21:0'}, {'@type': 'OpeningHoursSpecification', 'dayOfWeek': 'Friday', 'opens': '11:0', 'closes': '15:0'}, {'@type': 'OpeningHoursSpecification', 'dayOfWeek': 'Friday', 'opens': '11:0', 'closes': '21:0'}, {'@type': 'OpeningHoursSpecification', 'dayOfWeek': 'Saturday', 'opens': '11:0', 'closes': '21:0'}, {'@type': 'OpeningHoursSpecification', 'dayOfWeek': 'Saturday', 'opens': '11:0', 'closes': '21:0'}]","{'@type': 'PostalAddress', 'addressLocality': 'Hiram', 'addressRegion': 'GA', 'postalCode': '30141-2728', 'addressCountry': 'US', 'streetAddress': '66'}","{'@type': 'GeoCoordinates', 'latitude': 33.8908, 'longitude': -84.755916}","{'@type': 'AggregateRating', 'ratingValue': 4.5, 'reviewCount': '148'}"
Subway (301 Arbor Place Mall),https://www.ubereats.com/atlanta/food-delivery/subway-301-arbor-place-mall/HTgl2TQWTseV0KHD-e0VMg,douglasville-georgia,"['Fast Food', 'Sandwich', 'American']",,,$,33.726514,-84.746442,+16788389696,,,,,"[{'@type': 'OpeningHoursSpecification', 'dayOfWeek': 'Sunday', 'opens': '11:0', 'closes': '17:30'}, {'@type': 'OpeningHoursSpecification', 'dayOfWeek': ['Monday', 'Tuesday', 'Wednesday', 'Thursday', 'Friday', 'Saturday'], 'opens': '10:0', 'closes': '20:30'}]",,"{'@type': 'GeoCoordinates', 'latitude': 33.726514, 'longitude': -84.746442}",{}
Dough in the Box Donuts,https://www.ubereats.com/atlanta/food-delivery/dough-in-the-box-donuts/DJlV1erkQuyn_BIWXYzXFA,douglasville-georgia,"['Desserts', 'Bakery']",4.7,13,$$,33.812409099999996,-84.6353678,+17707262295,30168,2799 Veterans Memorial Hwy,Austell,GA,"[{'@type': 'OpeningHoursSpecification', 'dayOfWeek': 'Sunday', 'opens': '5:0', 'closes': '14:30'}, {'@type': 'OpeningHoursSpecification', 'dayOfWeek': 'Sunday', 'opens': '5:0', 'closes': '15:0'}, {'@type': 'OpeningHoursSpecification', 'dayOfWeek': ['Tuesday', 'Wednesday', 'Thursday', 'Friday', 'Saturday'], 'opens': '5:0', 'closes': '14:30'}, {'@type': 'OpeningHoursSpecification', 'dayOfWeek': ['Tuesday', 'Wednesday', 'Thursday', 'Friday', 'Saturday'], 'opens': '5:0', 'closes': '15:0'}]","{'@type': 'PostalAddress', 'addressLocality': 'Austell', 'addressRegion': 'GA', 'postalCode': '30168', 'addressCountry': 'US', 'streetAddress': '2799 Veterans Memorial Hwy'}","{'@type': 'GeoCoordinates', 'latitude': 33.812409099999996, 'longitude': -84.6353678}","{'@type': 'AggregateRating', 'ratingValue': 4.7, 'reviewCount': '13'}"
Burger King (5700 Fairburn dr),https://www.ubereats.com/atlanta/food-delivery/burger-king-5700-fairburn-dr/vXJhC7A-Rg-_0R9FnRnbOA,douglasville-georgia,"['American', 'burger', 'Fast Food']",,,$,33.7506542,-84.7212299,+17706280525,30134,5700 Fairburn dr,Douglasville,GA,"[{'@type': 'OpeningHoursSpecification', 'dayOfWeek': ['Monday', 'Tuesday', 'Wednesday', 'Thursday', 'Friday', 'Saturday', 'Sunday'], 'opens': '6:0', 'closes': '23:59'}, {'@type': 'OpeningHoursSpecification', 'dayOfWeek': ['Monday', 'Tuesday', 'Wednesday', 'Thursday', 'Friday', 'Saturday', 'Sunday'], 'opens': '6:0', 'closes': '11:0'}]","{'@type': 'PostalAddress', 'addressLocality': 'Douglasville', 'addressRegion': 'GA', 'postalCode': '30134', 'addressCountry': 'US', 'streetAddress': '5700 Fairburn dr'}","{'@type': 'GeoCoordinates', 'latitude': 33.7506542, 'longitude': -84.7212299}",{}
Hangar 92 Bar & Grill,https://www.ubereats.com/atlanta/food-delivery/hangar-92-bar-%26-grill/kWl9wak0Saa0hwwgDCqDpQ,douglasville-georgia,"['Bar / Pub Food', 'Chicken']",,,$,33.7469779,-84.7004082,+17703660413,,,,,"[{'@type': 'OpeningHoursSpecification', 'dayOfWeek': ['Monday', 'Tuesday', 'Wednesday', 'Thursday', 'Friday', 'Saturday', 'Sunday'], 'opens': '12:30', 'closes': '21:30'}]",,"{'@type': 'GeoCoordinates', 'latitude': 33.7469779, 'longitude': -84.7004082}",{}
China Liu's (Lithia Springs),https://www.ubereats.com/atlanta/food-delivery/china-lius-lithia-springs/sIQ7P9XyR_q__0gHs8ft1w,douglasville-georgia,"['Chinese', 'Asian', 'Asian Fusion']",4.3,140,$,33.7347821,-84.6692743,+17705776618,30122,2735 Lee Rd,Lithia Springs,GA,"[{'@type': 'OpeningHoursSpecification', 'dayOfWeek': 'Sunday', 'opens': '12:0', 'closes': '21:30'}, {'@type': 'OpeningHoursSpecification', 'dayOfWeek': ['Monday', 'Tuesday', 'Wednesday', 'Thursday'], 'opens': '11:0', 'closes': '22:0'}, {'@type': 'OpeningHoursSpecification', 'dayOfWeek': ['Friday', 'Saturday'], 'opens': '11:0', 'closes': '22:30'}]","{'@type': 'PostalAddress', 'addressLocality': 'Lithia Springs', 'addressRegion': 'GA', 'postalCode': '30122', 'addressCountry': 'US', 'streetAddress': '2735 Lee Rd'}","{'@type': 'GeoCoordinates', 'latitude': 33.7347821, 'longitude': -84.6692743}","{'@type': 'AggregateRating', 'ratingValue': 4.3, 'reviewCount': '140'}"
Popeyes (5753 Fairburn Rd),https://www.ubereats.com/atlanta/food-delivery/popeyes-5753-fairburn-rd/3TdR9dvzSnOgjDyLjHT5uQ,douglasville-georgia,"['American', 'Fast Food', 'Comfort Food', 'Family Meals']",3.6,128,$,33.7517362,-84.72245339999999,+16787661948,30134,5753 Fairburn Rd,Douglasville,Georgia,"[{'@type': 'OpeningHoursSpecification', 'dayOfWeek': 'Sunday', 'opens': '10:30', 'closes': '22:30'}, {'@type': 'OpeningHoursSpecification', 'dayOfWeek': ['Monday', 'Tuesday', 'Wednesday', 'Thursday', 'Friday', 'Saturday'], 'opens': '10:30', 'closes': '23:30'}]","{'@type': 'PostalAddress', 'addressLocality': 'Douglasville', 'addressRegion': 'Georgia', 'postalCode': '30134', 'addressCountry': 'US', 'streetAddress': '5753 Fairburn Rd'}","{'@type': 'GeoCoordinates', 'latitude': 33.7517362, 'longitude': -84.72245339999999}","{'@type': 'AggregateRating', 'ratingValue': 3.6, 'reviewCount': '128'}"
Subway (3869 Chapel Hill Rd),https://www.ubereats.com/atlanta/food-delivery/subway-3869-chapel-hill-rd/keOTIHpPT5yQOJTyLPQKeA,douglasville-georgia,"['Fast Food', 'Sandwich', 'American']",4.4,16,$,33.69969,-84.716658,+17705778303,30135,3869 Chapel Hill Rd,Douglasville,GA,"[{'@type': 'OpeningHoursSpecification', 'dayOfWeek': 'Sunday', 'opens': '9:0', 'closes': '21:30'}, {'@type': 'OpeningHoursSpecification', 'dayOfWeek': ['Monday', 'Tuesday', 'Wednesday', 'Thursday', 'Friday'], 'opens': '8:0', 'closes': '21:30'}, {'@type': 'OpeningHoursSpecification', 'dayOfWeek': 'Saturday', 'opens': '9:0', 'closes': '21:30'}]","{'@type': 'PostalAddress', 'addressLocality': 'Douglasville', 'addressRegion': 'GA', 'postalCode': '30135', 'addressCountry': 'US', 'streetAddress': '3869 Chapel Hill Rd'}","{'@type': 'GeoCoordinates', 'latitude': 33.69969, 'longitude': -84.716658}","{'@type': 'AggregateRating', 'ratingValue': 4.4, 'reviewCount': '16'}"
Bubble Hut,https://www.ubereats.com/atlanta/food-delivery/bubble-hut/jh4r49z2Q2i1nS0Fv3cteQ,douglasville-georgia,"['Coffee and Tea', 'American', 'Breakfast and Brunch']",,,$,33.6996904,-84.7166579,+17706357916,30135,3869 Chapel Hill Road,Douglasville,GA,"[{'@type': 'OpeningHoursSpecification', 'dayOfWeek': 'Sunday', 'opens': '12:0', 'closes': '20:0'}, {'@type': 'OpeningHoursSpecification', 'dayOfWeek': ['Tuesday', 'Wednesday', 'Thursday'], 'opens': '12:0', 'closes': '21:0'}, {'@type': 'OpeningHoursSpecification', 'dayOfWeek': ['Friday', 'Saturday'], 'opens': '12:0', 'closes': '22:0'}]","{'@type': 'PostalAddress', 'addressLocality': 'Douglasville', 'addressRegion': 'GA', 'postalCode': '30135', 'addressCountry': 'US', 'streetAddress': '3869 Chapel Hill Road'}","{'@type': 'GeoCoordinates', 'latitude': 33.6996904, 'longitude': -84.7166579}",{}
Mexico Lindo Restaurant (Mableton),https://www.ubereats.com/atlanta/food-delivery/mexico-lindo-restaurant-mableton/W5xms90vTHO3U2YjcMWqgg,douglasville-georgia,['Mexican'],4.2,316,$,33.818941,-84.578738,+17707396743,30126,848 Veterans Memorial Hwy SW,Mableton,GA,"[{'@type': 'OpeningHoursSpecification', 'dayOfWeek': ['Sunday', 'Monday', 'Tuesday', 'Wednesday', 'Thursday'], 'opens': '11:0', 'closes': '22:0'}, {'@type': 'OpeningHoursSpecification', 'dayOfWeek': ['Sunday', 'Monday', 'Tuesday', 'Wednesday', 'Thursday'], 'opens': '11:0', 'closes': '15:0'}, {'@type': 'OpeningHoursSpecification', 'dayOfWeek': ['Friday', 'Saturday'], 'opens': '11:0', 'closes': '23:0'}, {'@type': 'OpeningHoursSpecification', 'dayOfWeek': ['Friday', 'Saturday'], 'opens': '11:0', 'closes': '15:0'}]","{'@type': 'PostalAddress', 'addressLocality': 'Mableton', 'addressRegion': 'GA', 'postalCode': '30126', 'addressCountry': 'US', 'streetAddress': '848 Veterans Memorial Hwy SW'}","{'@type': 'GeoCoordinates', 'latitude': 33.818941, 'longitude': -84.578738}","{'@type': 'AggregateRating', 'ratingValue': 4.2, 'reviewCount': '316'}"
Cold Stone Creamery (Douglasville),https://www.ubereats.com/atlanta/food-delivery/cold-stone-creamery-douglasville/Qs3PUEydQteyiErBYrRFaw,douglasville-georgia,['Desserts'],4.6,155,$,33.725842,-84.736413,+16788389400,30135,2911 Chapel Hill Rd Ste 240,Douglasville,Georgia,"[{'@type': 'OpeningHoursSpecification', 'dayOfWeek': ['Sunday', 'Monday', 'Tuesday', 'Wednesday', 'Thursday'], 'opens': '11:30', 'closes': '21:31'}, {'@type': 'OpeningHoursSpecification', 'dayOfWeek': ['Friday', 'Saturday'], 'opens': '11:30', 'closes': '22:0'}]","{'@type': 'PostalAddress', 'addressLocality': 'Douglasville', 'addressRegion': 'Georgia', 'postalCode': '30135', 'addressCountry': 'US', 'streetAddress': '2911 Chapel Hill Rd Ste 240'}","{'@type': 'GeoCoordinates', 'latitude': 33.725842, 'longitude': -84.736413}","{'@type': 'AggregateRating', 'ratingValue': 4.6, 'reviewCount': '155'}"
Subway (9579 Hwy 5),https://www.ubereats.com/atlanta/food-delivery/subway-9579-hwy-5/lHLxPE46RZOd2oOuxjwnyQ,douglasville-georgia,"['Fast Food', 'Sandwich', 'American']",4.7,18,$,33.722882,-84.763132,+17709499787,30134,9579 Hwy 5,Douglasville,GA,"[{'@type': 'OpeningHoursSpecification', 'dayOfWeek': 'Sunday', 'opens': '9:0', 'closes': '20:30'}, {'@type': 'OpeningHoursSpecification', 'dayOfWeek': ['Monday', 'Tuesday', 'Wednesday', 'Thursday', 'Friday'], 'opens': '8:0', 'closes': '20:30'}, {'@type': 'OpeningHoursSpecification', 'dayOfWeek': 'Saturday', 'opens': '9:0', 'closes': '20:30'}]","{'@type': 'PostalAddress', 'addressLocality': 'Douglasville', 'addressRegion': 'GA', 'postalCode': '30134', 'addressCountry': 'US', 'streetAddress': '9579 Hwy 5'}","{'@type': 'GeoCoordinates', 'latitude': 33.722882, 'longitude': -84.763132}","{'@type': 'AggregateRating', 'ratingValue': 4.7, 'reviewCount': '18'}"
Firehouse Subs (Hiram),https://www.ubereats.com/atlanta/food-delivery/firehouse-subs-hiram/JC2L6Wc5TTOSG34TOCl8DA,douglasville-georgia,['Sandwich'],4.6,142,$,33.890057,-84.748126,+16785670888,30141,4795 Jimmy Lee Smith Pkwy #101,Hiram,Georgia,"[{'@type': 'OpeningHoursSpecification', 'dayOfWeek': ['Monday', 'Tuesday', 'Wednesday', 'Thursday', 'Friday', 'Saturday', 'Sunday'], 'opens': '10:30', 'closes': '19:30'}]","{'@type': 'PostalAddress', 'addressLocality': 'Hiram', 'addressRegion': 'Georgia', 'postalCode': '30141', 'addressCountry': 'US', 'streetAddress': '4795 Jimmy Lee Smith Pkwy #101'}","{'@type': 'GeoCoordinates', 'latitude': 33.890057, 'longitude': -84.748126}","{'@type': 'AggregateRating', 'ratingValue': 4.6, 'reviewCount': '142'}"
SharBerry Kitchen Inc.,https://www.ubereats.com/atlanta/food-delivery/sharberry-kitchen-inc/WNEmfKU1Qduul1MUlaPw_g,douglasville-georgia,"['American', 'Burgers', 'Chicken']",,,$,33.7766573,-84.7061429,+16785405650,30134,11519 Veterans Memorial Highway,Douglasville,GA,"[{'@type': 'OpeningHoursSpecification', 'dayOfWeek': 'Sunday', 'opens': '11:0', 'closes': '14:0'}, {'@type': 'OpeningHoursSpecification', 'dayOfWeek': 'Tuesday', 'opens': '11:0', 'closes': '14:0'}, {'@type': 'OpeningHoursSpecification', 'dayOfWeek': ['Wednesday', 'Thursday'], 'opens': '12:0', 'closes': '19:40'}, {'@type': 'OpeningHoursSpecification', 'dayOfWeek': ['Wednesday', 'Thursday'], 'opens': '11:0', 'closes': '14:0'}, {'@type': 'OpeningHoursSpecification', 'dayOfWeek': ['Friday', 'Saturday'], 'opens': '12:0', 'closes': '22:40'}, {'@type': 'OpeningHoursSpecification', 'dayOfWeek': ['Friday', 'Saturday'], 'opens': '11:0', 'closes': '14:0'}]","{'@type': 'PostalAddress', 'addressLocality': 'Douglasville', 'addressRegion': 'GA', 'postalCode': '30134', 'addressCountry': 'US', 'streetAddress': '11519 Veterans Memorial Highway'}","{'@type': 'GeoCoordinates', 'latitude': 33.7766573, 'longitude': -84.7061429}",{}
JG Chicken & Seafood - Veterans Memorial ,https://www.ubereats.com/atlanta/food-delivery/jg-chicken-%26-seafood-veterans-memorial/tpd3RxG5QeevzGfZ2dryRQ,douglasville-georgia,"['American', 'Soul Food', 'Seafood']",4.6,298,$,33.8189307,-84.5757292,+16783880668,30126,737 Veterans Memorial Hgwy SW,Mableton,GA,"[{'@type': 'OpeningHoursSpecification', 'dayOfWeek': 'Sunday', 'opens': '12:0', 'closes': '21:30'}, {'@type': 'OpeningHoursSpecification', 'dayOfWeek': ['Monday', 'Tuesday', 'Wednesday', 'Thursday', 'Friday', 'Saturday'], 'opens': '11:0', 'closes': '21:30'}]","{'@type': 'PostalAddress', 'addressLocality': 'Mableton', 'addressRegion': 'GA', 'postalCode': '30126', 'addressCountry': 'US', 'streetAddress': '737 Veterans Memorial Hgwy SW'}","{'@type': 'GeoCoordinates', 'latitude': 33.8189307, 'longitude': -84.5757292}","{'@type': 'AggregateRating', 'ratingValue': 4.6, 'reviewCount': '298'}"
Hooters (6855 Douglas Blvd),https://www.ubereats.com/atlanta/food-delivery/hooters-6855-douglas-blvd/kiuYcx5QSDan05AvgHmooQ,douglasville-georgia,"['American', 'Barfood', 'Wings']",3.8,116,$,33.728382,-84.7558,+16787150821,30135,6855 Douglas Blvd,Douglasville,GA,"[{'@type': 'OpeningHoursSpecification', 'dayOfWeek': ['Sunday', 'Monday', 'Tuesday', 'Wednesday'], 'opens': '11:0', 'closes': '20:30'}, {'@type': 'OpeningHoursSpecification', 'dayOfWeek': ['Thursday', 'Friday', 'Saturday'], 'opens': '11:0', 'closes': '21:30'}]","{'@type': 'PostalAddress', 'addressLocality': 'Douglasville', 'addressRegion': 'GA', 'postalCode': '30135', 'addressCountry': 'US', 'streetAddress': '6855 Douglas Blvd'}","{'@type': 'GeoCoordinates', 'latitude': 33.728382, 'longitude': -84.7558}","{'@type': 'AggregateRating', 'ratingValue': 3.8, 'reviewCount': '116'}"
Ms. B's Seafood,https://www.ubereats.com/atlanta/food-delivery/ms-bs-seafood/mG-GjrdLSveXoCS3KdZK5w,douglasville-georgia,"['BBQ', 'American', 'Burgers']",4.3,27,$,33.7510969,-84.731475,+17707028115,30134,6095 Fairburn Rd,Douglasville,GA,"[{'@type': 'OpeningHoursSpecification', 'dayOfWeek': ['Monday', 'Tuesday', 'Wednesday', 'Thursday', 'Friday', 'Saturday', 'Sunday'], 'opens': '13:0', 'closes': '21:0'}]","{'@type': 'PostalAddress', 'addressLocality': 'Douglasville', 'addressRegion': 'GA', 'postalCode': '30134', 'addressCountry': 'US', 'streetAddress': '6095 Fairburn Rd'}","{'@type': 'GeoCoordinates', 'latitude': 33.7510969, 'longitude': -84.731475}","{'@type': 'AggregateRating', 'ratingValue': 4.3, 'reviewCount': '27'}"
O'Charley's (4790 Jimmy Lee Smith Pkwy),https://www.ubereats.com/atlanta/food-delivery/ocharleys-4790-jimmy-lee-smith-pkwy/U7PkaSStRISviLMsnEy_3g,douglasville-georgia,"['American', 'Family Meals']",4.2,203,$$,33.8890415,-84.74930669999999,+17702222396,30141,4790 Jimmy Lee Smith Pkwy,Hiram,GA,"[{'@type': 'OpeningHoursSpecification', 'dayOfWeek': 'Sunday', 'opens': '11:0', 'closes': '21:0'}, {'@type': 'OpeningHoursSpecification', 'dayOfWeek': 'Sunday', 'opens': '14:0', 'closes': '21:0'}, {'@type': 'OpeningHoursSpecification', 'dayOfWeek': ['Monday', 'Tuesday', 'Wednesday', 'Thursday', 'Friday', 'Saturday'], 'opens': '11:0', 'closes': '21:0'}, {'@type': 'OpeningHoursSpecification', 'dayOfWeek': ['Monday', 'Tuesday', 'Wednesday', 'Thursday', 'Friday', 'Saturday'], 'opens': '11:0', 'closes': '21:0'}]","{'@type': 'PostalAddress', 'addressLocality': 'Hiram', 'addressRegion': 'GA', 'postalCode': '30141', 'addressCountry': 'US', 'streetAddress': '4790 Jimmy Lee Smith Pkwy'}","{'@type': 'GeoCoordinates', 'latitude': 33.8890415, 'longitude': -84.74930669999999}","{'@type': 'AggregateRating', 'ratingValue': 4.2, 'reviewCount': '203'}"
Arby's (4895 JIMMY LEE SMITH PKWY),https://www.ubereats.com/atlanta/food-delivery/arbys-4895-jimmy-lee-smith-pkwy/3MIIRIuXQPOOpmdMsGFB4w,douglasville-georgia,"['American', 'Sandwich', 'Fast Food', 'Kids Friendly']",4.3,93,$,33.8896033,-84.74667509999999,+17702221855,30141,4895 JIMMY LEE SMITH PKWY,HIRAM,GA,"[{'@type': 'OpeningHoursSpecification', 'dayOfWeek': ['Monday', 'Tuesday', 'Wednesday', 'Thursday', 'Friday', 'Saturday', 'Sunday'], 'opens': '10:0', 'closes': '0:0'}]","{'@type': 'PostalAddress', 'addressLocality': 'HIRAM', 'addressRegion': 'GA', 'postalCode': '30141', 'addressCountry': 'US', 'streetAddress': '4895 JIMMY LEE SMITH PKWY'}","{'@type': 'GeoCoordinates', 'latitude': 33.8896033, 'longitude': -84.74667509999999}","{'@type': 'AggregateRating', 'ratingValue': 4.3, 'reviewCount': '93'}"
600 Degrees Pizza,https://www.ubereats.com/atlanta/food-delivery/600-degrees-pizza/6uaj2F7QQ16ZQKfntsJL0A,douglasville-georgia,"['Pizza', 'Italian']",4.6,48,$,33.771969,-84.557306,+14703774166,30168,135 Riverside Pkwy,Austell,GA,"[{'@type': 'OpeningHoursSpecification', 'dayOfWeek': ['Monday', 'Tuesday', 'Wednesday', 'Thursday', 'Friday'], 'opens': '11:0', 'closes': '15:30'}]","{'@type': 'PostalAddress', 'addressLocality': 'Austell', 'addressRegion': 'GA', 'postalCode': '30168', 'addressCountry': 'US', 'streetAddress': '135 Riverside Pkwy'}","{'@type': 'GeoCoordinates', 'latitude': 33.771969, 'longitude': -84.557306}","{'@type': 'AggregateRating', 'ratingValue': 4.6, 'reviewCount': '48'}"
Crab Hut Express,https://www.ubereats.com/atlanta/food-delivery/crab-hut-express/INUGdlyaQ_mTyxYk1E6KJw,douglasville-georgia,"['American', 'Southern', 'Seafood']",3.9,160,$,33.7808681,-84.6089288,+16783836683,30122,855 Thornton Road,Lithia Springs,GA,"[{'@type': 'OpeningHoursSpecification', 'dayOfWeek': ['Sunday', 'Monday', 'Tuesday', 'Wednesday', 'Thursday'], 'opens': '11:0', 'closes': '20:30'}, {'@type': 'OpeningHoursSpecification', 'dayOfWeek': ['Friday', 'Saturday'], 'opens': '11:0', 'closes': '21:30'}]","{'@type': 'PostalAddress', 'addressLocality': 'Lithia Springs', 'addressRegion': 'GA', 'postalCode': '30122', 'addressCountry': 'US', 'streetAddress': '855 Thornton Road'}","{'@type': 'GeoCoordinates', 'latitude': 33.7808681, 'longitude': -84.6089288}","{'@type': 'AggregateRating', 'ratingValue': 3.9, 'reviewCount': '160'}"
Jersey Mike's (1680 East West Connector SW),https://www.ubereats.com/atlanta/food-delivery/jersey-mikes-1680-east-west-connector-sw/8ecxR02LQKSNSjAG98lorw,douglasville-georgia,"['Sandwich', 'American']",4.5,135,$,33.8545507,-84.6017092,+17709441521,30106,1680 East West Connector SW,Austell,GA,"[{'@type': 'OpeningHoursSpecification', 'dayOfWeek': ['Monday', 'Tuesday', 'Wednesday', 'Thursday', 'Friday', 'Saturday', 'Sunday'], 'opens': '10:0', 'closes': '20:30'}]","{'@type': 'PostalAddress', 'addressLocality': 'Austell', 'addressRegion': 'GA', 'postalCode': '30106', 'addressCountry': 'US', 'streetAddress': '1680 East West Connector SW'}","{'@type': 'GeoCoordinates', 'latitude': 33.8545507, 'longitude': -84.6017092}","{'@type': 'AggregateRating', 'ratingValue': 4.5, 'reviewCount': '135'}"
Applebee's (6915 Douglas Blvd.),https://www.ubereats.com/atlanta/food-delivery/applebees-6915-douglas-blvd/CIpirELySXu2I3JPP2WvDA,douglasville-georgia,"['American', 'Burgers', 'Salads']",4.2,122,$$,33.726426,-84.757548,+17709428280,30135,6915 Douglas Blvd.,Douglasville,GA,"[{'@type': 'OpeningHoursSpecification', 'dayOfWeek': 'Sunday', 'opens': '11:0', 'closes': '21:30'}, {'@type': 'OpeningHoursSpecification', 'dayOfWeek': ['Monday', 'Tuesday', 'Wednesday', 'Thursday'], 'opens': '11:0', 'closes': '20:30'}, {'@type': 'OpeningHoursSpecification', 'dayOfWeek': ['Friday', 'Saturday'], 'opens': '11:0', 'closes': '22:30'}]","{'@type': 'PostalAddress', 'addressLocality': 'Douglasville', 'addressRegion': 'GA', 'postalCode': '30135', 'addressCountry': 'US', 'streetAddress': '6915 Douglas Blvd.'}","{'@type': 'GeoCoordinates', 'latitude': 33.726426, 'longitude': -84.757548}","{'@type': 'AggregateRating', 'ratingValue': 4.2, 'reviewCount': '122'}"
Mighty Good Seafood,https://www.ubereats.com/atlanta/food-delivery/mighty-good-seafood/PHCuod9iT0-n7za605hZfg,douglasville-georgia,"['Seafood', 'American', 'Southern']",4.2,97,$,33.7977754,-84.6406682,+14044341081,30168,3030 Bankhead Hwy # 5B,Austell,GA,"[{'@type': 'OpeningHoursSpecification', 'dayOfWeek': ['Sunday', 'Monday', 'Tuesday', 'Wednesday', 'Thursday'], 'opens': '11:0', 'closes': '19:30'}, {'@type': 'OpeningHoursSpecification', 'dayOfWeek': ['Friday', 'Saturday'], 'opens': '11:0', 'closes': '20:0'}]","{'@type': 'PostalAddress', 'addressLocality': 'Austell', 'addressRegion': 'GA', 'postalCode': '30168', 'addressCountry': 'US', 'streetAddress': '3030 Bankhead Hwy # 5B'}","{'@type': 'GeoCoordinates', 'latitude': 33.7977754, 'longitude': -84.6406682}","{'@type': 'AggregateRating', 'ratingValue': 4.2, 'reviewCount': '97'}"
Wendy's  (6131 Fairburn Road),https://www.ubereats.com/atlanta/food-delivery/wendys-6131-fairburn-road/lnzqhGhJSumpuX38j7GQrg,douglasville-georgia,"['American', 'Burgers', 'Fast Food']",4.2,59,$,33.7513922,-84.73241329999999,+14704120250,30134,6131 Fairburn Road,Douglasville,GA,"[{'@type': 'OpeningHoursSpecification', 'dayOfWeek': ['Monday', 'Tuesday', 'Wednesday', 'Thursday', 'Friday', 'Saturday', 'Sunday'], 'opens': '10:30', 'closes': '0:30'}, {'@type': 'OpeningHoursSpecification', 'dayOfWeek': ['Monday', 'Tuesday', 'Wednesday', 'Thursday', 'Friday', 'Saturday', 'Sunday'], 'opens': '6:30', 'closes': '10:0'}]","{'@type': 'PostalAddress', 'addressLocality': 'Douglasville', 'addressRegion': 'GA', 'postalCode': '30134', 'addressCountry': 'US', 'streetAddress': '6131 Fairburn Road'}","{'@type': 'GeoCoordinates', 'latitude': 33.7513922, 'longitude': -84.73241329999999}","{'@type': 'AggregateRating', 'ratingValue': 4.2, 'reviewCount': '59'}"
RJabs Wings,https://www.ubereats.com/atlanta/food-delivery/rjabs-wings/k_yAYrioT5KrolMoq3mJ9g,douglasville-georgia,"['Burgers', 'Wings', 'American', 'Sandwich', 'Family Meals']",4.2,302,$,33.800831,-84.567269,+17707397200,30126,6274,Mableton,GA,"[{'@type': 'OpeningHoursSpecification', 'dayOfWeek': ['Monday', 'Tuesday', 'Wednesday', 'Thursday'], 'opens': '11:0', 'closes': '20:30'}, {'@type': 'OpeningHoursSpecification', 'dayOfWeek': ['Friday', 'Saturday'], 'opens': '11:0', 'closes': '21:30'}]","{'@type': 'PostalAddress', 'addressLocality': 'Mableton', 'addressRegion': 'GA', 'postalCode': '30126', 'addressCountry': 'US', 'streetAddress': '6274'}","{'@type': 'GeoCoordinates', 'latitude': 33.800831, 'longitude': -84.567269}","{'@type': 'AggregateRating', 'ratingValue': 4.2, 'reviewCount': '302'}"
Tokyo Express - Lithia Springs,https://www.ubereats.com/atlanta/food-delivery/tokyo-express-lithia-springs/RXfhWNgRQPKXeJZveqR3sA,douglasville-georgia,"['Japanese', 'Asian', 'Sushi', 'Seafood', 'Family Meals']",4.5,275,$,33.786801,-84.619025,+16783248459,30122,639 Thornton Rd,Lithia Springs,Georgia,"[{'@type': 'OpeningHoursSpecification', 'dayOfWeek': ['Monday', 'Tuesday', 'Wednesday', 'Thursday', 'Friday'], 'opens': '15:0', 'closes': '20:30'}, {'@type': 'OpeningHoursSpecification', 'dayOfWeek': ['Monday', 'Tuesday', 'Wednesday', 'Thursday', 'Friday'], 'opens': '11:0', 'closes': '15:0'}, {'@type': 'OpeningHoursSpecification', 'dayOfWeek': 'Saturday', 'opens': '15:0', 'closes': '20:30'}, {'@type': 'OpeningHoursSpecification', 'dayOfWeek': 'Saturday', 'opens': '12:0', 'closes': '15:0'}]","{'@type': 'PostalAddress', 'addressLocality': 'Lithia Springs', 'addressRegion': 'Georgia', 'postalCode': '30122', 'addressCountry': 'US', 'streetAddress': '639 Thornton Rd'}","{'@type': 'GeoCoordinates', 'latitude': 33.786801, 'longitude': -84.619025}","{'@type': 'AggregateRating', 'ratingValue': 4.5, 'reviewCount': '275'}"
Crum’s Bakery,https://www.ubereats.com/atlanta/food-delivery/crums-bakery/RxKlHkZ_SaK1S8cCjulVBw,douglasville-georgia,"['Bakery', 'Cupcakes', 'Desserts']",,,$,33.72870544592202,-84.74463966558106,+14047355326,,,,,"[{'@type': 'OpeningHoursSpecification', 'dayOfWeek': 'Sunday', 'opens': '12:0', 'closes': '18:0'}, {'@type': 'OpeningHoursSpecification', 'dayOfWeek': ['Monday', 'Tuesday', 'Wednesday', 'Thursday', 'Friday', 'Saturday'], 'opens': '10:0', 'closes': '21:0'}]",,"{'@type': 'GeoCoordinates', 'latitude': 33.72870544592202, 'longitude': -84.74463966558106}",{}
Dairy Queen Grill & Chill (1010 Veterans Memorial Hwy SW),https://www.ubereats.com/atlanta/food-delivery/dairy-queen-grill-%26-chill-1010-veterans-memorial-hwy-sw/RU67zkeERlSM9vSC2hmnew,douglasville-georgia,"['American', 'Fast Food', 'Ice Cream & Frozen Yogurt']",4.3,59,$,33.8189753,-84.5841791,+17709410523,30126,1010 Veterans Memorial Hwy SW,Mableton,GA,"[{'@type': 'OpeningHoursSpecification', 'dayOfWeek': 'Sunday', 'opens': '12:0', 'closes': '21:0'}, {'@type': 'OpeningHoursSpecification', 'dayOfWeek': ['Monday', 'Tuesday', 'Wednesday', 'Thursday', 'Friday', 'Saturday'], 'opens': '11:0', 'closes': '21:0'}]","{'@type': 'PostalAddress', 'addressLocality': 'Mableton', 'addressRegion': 'GA', 'postalCode': '30126', 'addressCountry': 'US', 'streetAddress': '1010 Veterans Memorial Hwy SW'}","{'@type': 'GeoCoordinates', 'latitude': 33.8189753, 'longitude': -84.5841791}","{'@type': 'AggregateRating', 'ratingValue': 4.3, 'reviewCount': '59'}"
Los Arcos Mexican Restaurant (Hiram),https://www.ubereats.com/atlanta/food-delivery/los-arcos-mexican-restaurant-hiram/XJHlRAqyTIKN9NtWhb7r1w,douglasville-georgia,"['Mexican', 'Latin American', 'New Mexican']",4.2,191,$,33.8949434,-84.765461,+17702225311,30141,480 Watts Rd,Hiram,GA,"[{'@type': 'OpeningHoursSpecification', 'dayOfWeek': ['Sunday', 'Monday', 'Tuesday', 'Wednesday', 'Thursday'], 'opens': '11:0', 'closes': '21:0'}, {'@type': 'OpeningHoursSpecification', 'dayOfWeek': ['Friday', 'Saturday'], 'opens': '11:0', 'closes': '22:30'}]","{'@type': 'PostalAddress', 'addressLocality': 'Hiram', 'addressRegion': 'GA', 'postalCode': '30141', 'addressCountry': 'US', 'streetAddress': '480 Watts Rd'}","{'@type': 'GeoCoordinates', 'latitude': 33.8949434, 'longitude': -84.765461}","{'@type': 'AggregateRating', 'ratingValue': 4.2, 'reviewCount': '191'}"
Starbucks (Chapel Hill Rd @ I-20),https://www.ubereats.com/atlanta/food-delivery/starbucks-chapel-hill-rd-%40-i-20/1WJu6S2qQYiY4a1HWgNojw,douglasville-georgia,"['Bakery', 'Breakfast and Brunch', 'Cafe', 'Coffee & Tea']",4.6,161,$,33.7305866,-84.73651819999999,+16788387725,30135,2736 CHAPEL HILL RD,Douglasville,GA,"[{'@type': 'OpeningHoursSpecification', 'dayOfWeek': ['Monday', 'Tuesday', 'Wednesday', 'Thursday', 'Friday', 'Saturday', 'Sunday'], 'opens': '7:0', 'closes': '17:0'}]","{'@type': 'PostalAddress', 'addressLocality': 'Douglasville', 'addressRegion': 'GA', 'postalCode': '30135', 'addressCountry': 'US', 'streetAddress': '2736 CHAPEL HILL RD'}","{'@type': 'GeoCoordinates', 'latitude': 33.7305866, 'longitude': -84.73651819999999}","{'@type': 'AggregateRating', 'ratingValue': 4.6, 'reviewCount': '161'}"
Subway (2750 Chapel Hill Rd),https://www.ubereats.com/atlanta/food-delivery/subway-2750-chapel-hill-rd/myY4n5_TTaugcPuKIemwag,douglasville-georgia,"['Fast Food', 'Sandwich', 'American']",4.1,14,$,33.730854,-84.735719,+17709493136,30135,2750 Chapel Hill Rd,Douglasville,GA,"[{'@type': 'OpeningHoursSpecification', 'dayOfWeek': ['Monday', 'Tuesday', 'Wednesday', 'Thursday', 'Friday', 'Saturday', 'Sunday'], 'opens': '10:0', 'closes': '19:30'}]","{'@type': 'PostalAddress', 'addressLocality': 'Douglasville', 'addressRegion': 'GA', 'postalCode': '30135', 'addressCountry': 'US', 'streetAddress': '2750 Chapel Hill Rd'}","{'@type': 'GeoCoordinates', 'latitude': 33.730854, 'longitude': -84.735719}","{'@type': 'AggregateRating', 'ratingValue': 4.1, 'reviewCount': '14'}"
Panda Express (2716 Chapel Hill Road),https://www.ubereats.com/atlanta/food-delivery/panda-express-2716-chapel-hill-road/DsNfFXMHRKmtqvPFJaT8SA,douglasville-georgia,"['Chinese', 'Family Meals']",4.3,200,$,33.731434,-84.73655550000001,+17708526920,30135,2716 Chapel Hill Road,Douglasville,GA,"[{'@type': 'OpeningHoursSpecification', 'dayOfWeek': 'Sunday', 'opens': '11:0', 'closes': '20:30'}, {'@type': 'OpeningHoursSpecification', 'dayOfWeek': ['Monday', 'Tuesday', 'Wednesday', 'Thursday'], 'opens': '10:30', 'closes': '20:30'}, {'@type': 'OpeningHoursSpecification', 'dayOfWeek': ['Friday', 'Saturday'], 'opens': '10:30', 'closes': '21:0'}]","{'@type': 'PostalAddress', 'addressLocality': 'Douglasville', 'addressRegion': 'GA', 'postalCode': '30135', 'addressCountry': 'US', 'streetAddress': '2716 Chapel Hill Road'}","{'@type': 'GeoCoordinates', 'latitude': 33.731434, 'longitude': -84.73655550000001}","{'@type': 'AggregateRating', 'ratingValue': 4.3, 'reviewCount': '200'}"
Ben Hill Grill,https://www.ubereats.com/atlanta/food-delivery/ben-hill-grill/27bV_m9FTRerrdXiWb5xgQ,douglasville-georgia,"['Burgers', 'Fast Food']",4.4,159,$,33.690812,-84.506766,+14043448191,30331,3605 Campbellton Rd SW,Atlanta,GA,"[{'@type': 'OpeningHoursSpecification', 'dayOfWeek': ['Monday', 'Tuesday', 'Wednesday', 'Thursday', 'Friday', 'Saturday'], 'opens': '12:0', 'closes': '20:30'}]","{'@type': 'PostalAddress', 'addressLocality': 'Atlanta', 'addressRegion': 'GA', 'postalCode': '30331', 'addressCountry': 'US', 'streetAddress': '3605 Campbellton Rd SW'}","{'@type': 'GeoCoordinates', 'latitude': 33.690812, 'longitude': -84.506766}","{'@type': 'AggregateRating', 'ratingValue': 4.4, 'reviewCount': '159'}"
China 88,https://www.ubereats.com/atlanta/food-delivery/china-88/AMG0NEdNQt6CLy9nLj3vpQ,douglasville-georgia,"['Chinese', 'Cantonese', 'Asian']",4.2,239,$,33.6117782,-84.6093176,+16787798088,30213,5370 Campbellton,Fairburn,GA,"[{'@type': 'OpeningHoursSpecification', 'dayOfWeek': 'Sunday', 'opens': '11:30', 'closes': '21:0'}, {'@type': 'OpeningHoursSpecification', 'dayOfWeek': ['Monday', 'Tuesday', 'Wednesday', 'Thursday', 'Friday', 'Saturday'], 'opens': '11:30', 'closes': '15:0'}, {'@type': 'OpeningHoursSpecification', 'dayOfWeek': ['Monday', 'Tuesday', 'Wednesday', 'Thursday', 'Friday', 'Saturday'], 'opens': '11:30', 'closes': '21:0'}]","{'@type': 'PostalAddress', 'addressLocality': 'Fairburn', 'addressRegion': 'GA', 'postalCode': '30213', 'addressCountry': 'US', 'streetAddress': '5370 Campbellton'}","{'@type': 'GeoCoordinates', 'latitude': 33.6117782, 'longitude': -84.6093176}","{'@type': 'AggregateRating', 'ratingValue': 4.2, 'reviewCount': '239'}"
Mrs. Winner's,https://www.ubereats.com/atlanta/food-delivery/mrs-winners/a7n62GA2TSiHHC7Ulbu9hg,douglasville-georgia,"['Chicken', 'American', 'Kids Friendly', 'Chicken', 'New American', 'Western', 'Comfort Food', 'Soul Food', 'Family Meals']",3.8,201,$$,33.764063,-84.531311,+14042287483,30336,4350 Fulton Industrial Blvd SW,Atlanta,GA,"[{'@type': 'OpeningHoursSpecification', 'dayOfWeek': ['Sunday', 'Monday', 'Tuesday', 'Wednesday', 'Thursday'], 'opens': '5:30', 'closes': '11:0'}, {'@type': 'OpeningHoursSpecification', 'dayOfWeek': ['Sunday', 'Monday', 'Tuesday', 'Wednesday', 'Thursday'], 'opens': '5:30', 'closes': '21:0'}, {'@type': 'OpeningHoursSpecification', 'dayOfWeek': ['Friday', 'Saturday'], 'opens': '5:30', 'closes': '11:0'}, {'@type': 'OpeningHoursSpecification', 'dayOfWeek': ['Friday', 'Saturday'], 'opens': '5:30', 'closes': '22:0'}]","{'@type': 'PostalAddress', 'addressLocality': 'Atlanta', 'addressRegion': 'GA', 'postalCode': '30336', 'addressCountry': 'US', 'streetAddress': '4350 Fulton Industrial Blvd SW'}","{'@type': 'GeoCoordinates', 'latitude': 33.764063, 'longitude': -84.531311}","{'@type': 'AggregateRating', 'ratingValue': 3.8, 'reviewCount': '201'}"
Subway (900 Thorton Rd),https://www.ubereats.com/atlanta/food-delivery/subway-900-thorton-rd/0aPX_x08TA-J151Fdu8B6A,douglasville-georgia,"['Fast Food', 'Sandwich', 'American']",4.0,52,$,33.780187,-84.605881,+17709449081,30122,900 Thorton Rd,Lithia Springs,GA,"[{'@type': 'OpeningHoursSpecification', 'dayOfWeek': ['Monday', 'Tuesday', 'Wednesday', 'Thursday', 'Friday', 'Saturday', 'Sunday'], 'opens': '10:0', 'closes': '21:30'}]","{'@type': 'PostalAddress', 'addressLocality': 'Lithia Springs', 'addressRegion': 'GA', 'postalCode': '30122', 'addressCountry': 'US', 'streetAddress': '900 Thorton Rd'}","{'@type': 'GeoCoordinates', 'latitude': 33.780187, 'longitude': -84.605881}","{'@type': 'AggregateRating', 'ratingValue': 4, 'reviewCount': '52'}"
Dairy Queen Grill & Chill (5057 Austell Rd),https://www.ubereats.com/atlanta/food-delivery/dairy-queen-grill-%26-chill-5057-austell-rd/lWaDjYp0RgCSX1YbUXmlUA,douglasville-georgia,"['Ice Cream and Frozen Yogurt', 'Burgers', 'Fast Food']",4.7,68,$,33.829192,-84.61344749999999,+17709441409,,,,,"[{'@type': 'OpeningHoursSpecification', 'dayOfWeek': 'Sunday', 'opens': '12:0', 'closes': '20:30'}, {'@type': 'OpeningHoursSpecification', 'dayOfWeek': ['Monday', 'Tuesday', 'Wednesday', 'Thursday', 'Friday', 'Saturday'], 'opens': '11:0', 'closes': '20:30'}]",,"{'@type': 'GeoCoordinates', 'latitude': 33.829192, 'longitude': -84.61344749999999}","{'@type': 'AggregateRating', 'ratingValue': 4.7, 'reviewCount': '68'}"
Wendy's  (6959 DOUGLAS BLVD.),https://www.ubereats.com/atlanta/food-delivery/wendys-6959-douglas-blvd/IxOopLwBQaCvEKPRQyDAEw,douglasville-georgia,"['American', 'Burgers', 'Fast Food']",4.1,36,$,33.7254115,-84.7587918,+17709494002,30135,6959 DOUGLAS BLVD.,DOUGLASVILLE,GA,"[{'@type': 'OpeningHoursSpecification', 'dayOfWeek': ['Sunday', 'Monday', 'Tuesday', 'Wednesday', 'Thursday'], 'opens': '10:30', 'closes': '23:30'}, {'@type': 'OpeningHoursSpecification', 'dayOfWeek': ['Sunday', 'Monday', 'Tuesday', 'Wednesday', 'Thursday'], 'opens': '6:30', 'closes': '10:0'}, {'@type': 'OpeningHoursSpecification', 'dayOfWeek': ['Friday', 'Saturday'], 'opens': '10:30', 'closes': '0:30'}, {'@type': 'OpeningHoursSpecification', 'dayOfWeek': ['Friday', 'Saturday'], 'opens': '6:30', 'closes': '10:0'}]","{'@type': 'PostalAddress', 'addressLocality': 'DOUGLASVILLE', 'addressRegion': 'GA', 'postalCode': '30135', 'addressCountry': 'US', 'streetAddress': '6959 DOUGLAS BLVD.'}","{'@type': 'GeoCoordinates', 'latitude': 33.7254115, 'longitude': -84.7587918}","{'@type': 'AggregateRating', 'ratingValue': 4.1, 'reviewCount': '36'}"
Rahim's Seafood,https://www.ubereats.com/atlanta/food-delivery/rahims-seafood/iqUEDHhzR0y4SWbOvR4Tig,douglasville-georgia,"['Seafood', 'Southern']",3.9,61,$$,33.696303,-84.535008,+14043498818,30331,4485 Campbellton Rd SW,Atlanta,GA,"[{'@type': 'OpeningHoursSpecification', 'dayOfWeek': 'Sunday', 'opens': '11:0', 'closes': '19:15'}, {'@type': 'OpeningHoursSpecification', 'dayOfWeek': ['Tuesday', 'Wednesday', 'Thursday', 'Friday', 'Saturday'], 'opens': '11:0', 'closes': '19:15'}]","{'@type': 'PostalAddress', 'addressLocality': 'Atlanta', 'addressRegion': 'GA', 'postalCode': '30331', 'addressCountry': 'US', 'streetAddress': '4485 Campbellton Rd SW'}","{'@type': 'GeoCoordinates', 'latitude': 33.696303, 'longitude': -84.535008}","{'@type': 'AggregateRating', 'ratingValue': 3.9, 'reviewCount': '61'}"
Mexico Lindo Restaurant (Austell Rd.),https://www.ubereats.com/atlanta/food-delivery/mexico-lindo-restaurant-austell-rd/_gn-eMh3SKGMmUHVBugPEA,douglasville-georgia,"['Mexican', 'Latin American', 'New Mexican']",4.1,136,$,33.8650123,-84.5923006,+17704341311,30008,3565 Austell Rd SW,Marietta,GA,"[{'@type': 'OpeningHoursSpecification', 'dayOfWeek': 'Sunday', 'opens': '10:0', 'closes': '9:52'}, {'@type': 'OpeningHoursSpecification', 'dayOfWeek': ['Monday', 'Tuesday', 'Wednesday', 'Thursday', 'Friday', 'Saturday'], 'opens': '10:0', 'closes': '21:52'}]","{'@type': 'PostalAddress', 'addressLocality': 'Marietta', 'addressRegion': 'GA', 'postalCode': '30008', 'addressCountry': 'US', 'streetAddress': '3565 Austell Rd SW'}","{'@type': 'GeoCoordinates', 'latitude': 33.8650123, 'longitude': -84.5923006}","{'@type': 'AggregateRating', 'ratingValue': 4.1, 'reviewCount': '136'}"
Applebee's (550 Thornton Rd.),https://www.ubereats.com/atlanta/food-delivery/applebees-550-thornton-rd/7R3wrufMTCGnP-BUUoxCIQ,douglasville-georgia,"['American', 'Burgers', 'Salads']",4.0,279,$$,33.790531,-84.624587,+16783980888,30122,550 Thornton Rd.,Lithia Springs,GA,"[{'@type': 'OpeningHoursSpecification', 'dayOfWeek': 'Sunday', 'opens': '11:0', 'closes': '21:30'}, {'@type': 'OpeningHoursSpecification', 'dayOfWeek': ['Monday', 'Tuesday', 'Wednesday', 'Thursday'], 'opens': '12:0', 'closes': '21:30'}, {'@type': 'OpeningHoursSpecification', 'dayOfWeek': ['Friday', 'Saturday'], 'opens': '11:0', 'closes': '23:29'}]","{'@type': 'PostalAddress', 'addressLocality': 'Lithia Springs', 'addressRegion': 'GA', 'postalCode': '30122', 'addressCountry': 'US', 'streetAddress': '550 Thornton Rd.'}","{'@type': 'GeoCoordinates', 'latitude': 33.790531, 'longitude': -84.624587}","{'@type': 'AggregateRating', 'ratingValue': 4, 'reviewCount': '279'}"
Juice Me Too,https://www.ubereats.com/atlanta/food-delivery/juice-me-too/Dybkt34iRuGxNcxgKIjk4w,douglasville-georgia,['Juice and Smoothies'],4.9,16,$,33.856214,-84.600034,+16784836145,30106,3999,Austell,GA,"[{'@type': 'OpeningHoursSpecification', 'dayOfWeek': ['Monday', 'Tuesday', 'Wednesday', 'Thursday', 'Friday', 'Saturday'], 'opens': '12:0', 'closes': '16:0'}]","{'@type': 'PostalAddress', 'addressLocality': 'Austell', 'addressRegion': 'GA', 'postalCode': '30106', 'addressCountry': 'US', 'streetAddress': '3999'}","{'@type': 'GeoCoordinates', 'latitude': 33.856214, 'longitude': -84.600034}","{'@type': 'AggregateRating', 'ratingValue': 4.9, 'reviewCount': '16'}"
Bamba Cuisine,https://www.ubereats.com/atlanta/food-delivery/bamba-cuisine/qVkqiLaFQiK_Y5Uz1wUwQQ,douglasville-georgia,"['African', 'Comfort Food', 'Steak']",4.5,321,$,33.6899834,-84.50964280000001,+16787059683,30331,3700 Campbellton Rd SW,Atlanta,GA,"[{'@type': 'OpeningHoursSpecification', 'dayOfWeek': 'Sunday', 'opens': '11:30', 'closes': '22:0'}, {'@type': 'OpeningHoursSpecification', 'dayOfWeek': ['Monday', 'Tuesday', 'Wednesday'], 'opens': '11:30', 'closes': '22:30'}, {'@type': 'OpeningHoursSpecification', 'dayOfWeek': ['Thursday', 'Friday', 'Saturday'], 'opens': '11:30', 'closes': '23:0'}]","{'@type': 'PostalAddress', 'addressLocality': 'Atlanta', 'addressRegion': 'GA', 'postalCode': '30331', 'addressCountry': 'US', 'streetAddress': '3700 Campbellton Rd SW'}","{'@type': 'GeoCoordinates', 'latitude': 33.6899834, 'longitude': -84.50964280000001}","{'@type': 'AggregateRating', 'ratingValue': 4.5, 'reviewCount': '321'}"
Dairy Queen Grill & Chill (3485 Jimmy Lee Smith Pkwy),https://www.ubereats.com/atlanta/food-delivery/dairy-queen-grill-%26-chill-3485-jimmy-lee-smith-pkwy/mssmIs7zQJO4c1b62XfBOw,douglasville-georgia,"['American', 'Fast Food', 'Ice Cream & Frozen Yogurt']",4.2,104,$,33.8983974,-84.7674799,+17709430010,30141,3485 Jimmy Lee Smith Pkwy,Hiram,GA,"[{'@type': 'OpeningHoursSpecification', 'dayOfWeek': ['Monday', 'Tuesday', 'Wednesday', 'Thursday', 'Friday', 'Saturday', 'Sunday'], 'opens': '10:30', 'closes': '21:0'}]","{'@type': 'PostalAddress', 'addressLocality': 'Hiram', 'addressRegion': 'GA', 'postalCode': '30141', 'addressCountry': 'US', 'streetAddress': '3485 Jimmy Lee Smith Pkwy'}","{'@type': 'GeoCoordinates', 'latitude': 33.8983974, 'longitude': -84.7674799}","{'@type': 'AggregateRating', 'ratingValue': 4.2, 'reviewCount': '104'}"
